Baringo,0.0,0.0,0.0,0.0,0.0,0.0,0.0,0.0,0.0,0.0,0.0,0.0,0.0,0.0,0.0,0.0,0.0,0.0,0.0,0.0,0.0,0.0,0.0,0.0,0.0,0.0,0.0,0.0,0.0,0.0,0.0,0.0,0.0,0.0,0.0,0.0,0.0,0.0,0.0,0.0,0.0,0.0,0.0,0.0,0.0,0.0,0.0,0.5,1.0,1.5,1.5,1.5,1.5,2.5,3.5,3.5,4.5,5.5,6.5,7.5,8.5,9.5,10.5,11.5,12.5,13.5,14.5,15.5,16.5,17.5,18.5,19.5,20.5,21.5,22.5,23.5,24.5,25.5,26.5,28.5,29.5,30.5,31.5,33.5,35.5,37.5,39.5,41.5,43.5,45.5,47.5,49.5,51.5,53.5,55.5,58.5,60.5,62.5,65.5,68.5,71.5,74.5,77.5,80.5,83.5,87.5,91.5,95.5,99.5,103.5,107.5,111.5,115.5,119.5,123.5,128.5,133.5,138.5,143.5,148.5,153.5,159.5,165.5,171.5,177.5,184.5,190.5,196.5,203.5,210.5,217.5,224.5,232.5,240.5,249.5,257.5,266.5,275.5,285.5,295.5,305.5,316.5,327.5,338.5,348.5,360.5,372.5,384.5,397.5,411.5,425.5,439.0,453.0,468.0,484.0,500.0,517.0,533.0,552.0,570.5,589.5,609.5,629.5,650.0,670.0,691.5,713.5,737.5,761.5,786.0,811.0,838.0,865.0,893.0,922.0,953.5,985.5,1017.5,1051.5,1085.5,1123.5,1160.5,1202.5,1244.5,1286.5,1332.0,1377.5,1425.5,1476.0,1528.5,1581.5,1640.5,1697.5,1757.5,1820.5,1885.0,1952.0,2023.0,2096.0,2169.0,2246.5,2328.0,2412.5,2497.5,2587.5,2681.0,2779.0,2880.0,2983.0,3090.5,3203.0,3317.5,3440.0,3561.0,3691.0,3824.5,3963.0,4112.0,4265.5,4415.5,4574.0,4738.0,4910.5,5084.0,5266.0,5463.0,5660.0,5861.5,6064.0,6273.0,6487.0,6707.5,6930.5,7160.0,7396.5,7633.0,7885.5,8138.5,8404.0,8674.0,8947.0,9226.5,9518.5,9819.0,10120.0,10425.0,10744.5,11062.0,11397.0,11729.5,12074.0,12432.0,12797.5,13172.0,13553.0,13947.0,14340.0,14753.5,15175.0,15602.0,16036.5,16482.5,16943.5,17412.5,17884.5,18370.0,18871.0,19385.5,19912.0,20447.0,20973.5,21523.5,22088.0,22656.5,23236.0,23829.5,24443.0,25055.5,25691.5,26341.0,26989.5,27656.5,28330.5,29020.5,29722.5,30442.5,31179.0,31944.0,32707.5,33467.0,34257.0,35055.5,35857.0,36680.0,37509.0,38369.5,39227.5,40100.0,40985.0,41915.0,42849.5,43816.5,44793.0,45815.0,46857.5,47923.0,49025.5,50125.5,51248.0,52394.0,53556.5,54768.5,55995.0,57239.5,58544.5,59858.0,61181.5,62534.0,63943.5,65353.0,66786.5,68250.5,69727.0,71207.0,72737.5,74304.5,75877.0,77468.5,79085.0,80722.5,82377.5,84039.5,85728.5,87442.0,89171.0,90923.5,92675.5,94462.0,96257.0,98061.0,99899.0,101727.5,103566.5,105431.5,107285.0,109152.5,111015.5,112902.5,114785.0,116650.5,118535.5,120407.0,122298.5,124183.5,126053.0,127924.5,129811.5,131683.0,133556.0,135408.0,137264.0,139127.0,140992.0,142845.0,144685.0,146521.5,148349.0,150176.5,152001.5,153811.5,155614.5,157418.0,159199.5,160968.5,162722.0,164477.0,166205.5,167933.0,169645.5,171339.0,173025.0,174696.5,176369.5,178027.0,179670.5,181284.5,182897.0,184493.0,186073.0,187641.5,189190.0,190718.0,192220.0,193712.0,195166.5,196574.0,197963.5,199327.5,200654.0,201940.0,203187.5,204427.0,205636.5,206808.0,207956.5,209071.5,210167.0,211248.5,212317.5,213350.5,214348.5,215322.5,216285.0,217200.5,218114.5,219008.5,219884.0,220736.5,221565.5,222388.0,223204.0,224012.0,224795.0,225567.5,226327.0,227080.5,227814.0,228534.0,229242.5,229938.0,230612.0,231283.0,231928.0,232563.0,233175.5,233794.0,234392.5,234977.5,235556.0,236114.0,236656.5,237193.5,237721.5,238234.0,238733.0,239220.5,239698.0,240169.0,240625.5,241077.5,241507.0,241931.0,242355.0,242771.0,243173.0,243569.5,243959.0,244336.0,244704.0,245073.0,245430.0,245780.5,246118.5,246454.0,246775.5,247087.0,247387.0,247683.5,247975.5,248267.0,248541.5,248819.0,249092.5,249356.5,249612.5,249857.5,250097.0,250334.5,250567.5,250796.5,251024.0,251248.0,251461.5,251662.5,251866.0,252061.0,252260.0,252443.5,252624.0,252807.5,252984.5,253161.5,253327.0,253492.5,253651.5,253805.0,253963.5,254112.0,254253.5,254399.5,254539.5,254673.0,254807.5,254936.5,255065.0,255191.5,255309.5,255430.0,255546.0,255658.0,255773.0,255881.0,255981.0,256084.0,256185.5,256282.5,256370.5,256462.0,256546.0,256628.0,256706.5,256785.5,256861.5,256936.5,257008.5,257077.5,257146.0,257212.0,257278.0,257339.5,257399.0,257457.0,257515.5,257572.5,257624.5,257676.5,257728.5,257778.0,257828.5,257876.5,257923.5,257971.5,258018.5,258060.5,258102.5,258146.0,258187.5,258227.5,258266.5,258307.5,258343.5,258380.5,258415.5,258451.5,258486.0,258519.0,258552.0,258584.5,258616.5,258647.5,258676.5,258705.0,258734.0,258761.5,258788.5,258813.5,258841.5,258867.5,258893.5,258918.5,258941.5,258963.5,258985.0,259007.0,259030.0,259050.0,259069.5,259088.5,259108.5,259128.5,259147.5,259164.5,259183.5,259201.5,259219.5,259236.0,259252.0,259268.5,259284.5,259299.5,259313.5,259328.5,259341.5,259355.5,259369.5,259381.5,259394.5,259405.5,259417.5,259429.5,259440.5,259451.5,259461.5,259470.5,259480.5,259489.5,259498.5,259507.5,259515.5,259523.5,259531.5,259539.5,259547.5,259554.5,259562.0,259569.0,259576.0,259582.0,259589.0,259595.0,259601.0,259606.5,259612.5,259617.5,259622.5,259628.0,259633.0,259638.0,259643.0,259648.0,259652.0,259656.0,259661.0,259665.0,259669.0,259673.0,259677.0,259681.0,259685.0,259688.0,259692.0,259695.0,259698.0,259701.0,259704.0,259707.0,259710.0,259712.0,259715.0,259718.0,259721.0,259724.0,259726.0,259728.0,259730.0,259732.0,259734.0,259736.0
Bomet,0.0,0.0,0.0,0.0,0.0,0.0,0.0,0.0,0.0,0.0,0.0,0.0,0.0,0.0,0.0,0.0,0.0,0.0,0.0,0.0,0.0,0.0,0.0,0.0,0.0,0.0,0.0,0.0,0.0,0.0,0.0,0.0,0.0,0.0,0.0,0.0,0.0,0.0,0.0,0.0,1.0,1.0,2.0,3.0,4.0,5.0,6.0,7.0,8.0,9.0,10.0,11.0,12.0,13.0,14.0,15.0,16.0,17.0,18.0,19.0,20.0,21.0,22.0,23.0,24.0,25.0,27.0,29.0,30.0,31.0,33.0,35.0,37.0,39.0,41.0,43.0,45.0,47.0,49.0,51.0,53.0,55.0,57.0,60.0,62.0,65.0,68.0,71.0,74.0,77.0,80.0,83.0,86.0,90.0,93.0,97.0,101.0,105.0,109.0,113.0,118.0,122.0,127.0,132.0,137.0,142.0,148.0,154.0,159.0,165.0,171.0,177.0,184.0,191.0,198.0,205.0,212.0,220.0,227.0,235.0,243.0,251.0,260.0,269.5,278.5,288.5,299.0,309.0,319.0,329.0,340.0,352.0,364.0,377.0,390.0,403.5,416.5,430.5,444.5,458.5,473.5,488.5,504.5,521.5,539.5,556.5,574.5,592.5,611.5,630.5,650.5,671.5,691.5,712.5,733.5,756.5,780.0,805.0,829.5,855.5,882.5,909.5,938.5,968.5,997.5,1028.5,1059.5,1090.0,1122.0,1156.5,1192.5,1228.0,1265.5,1304.0,1344.0,1387.0,1431.5,1477.5,1523.5,1572.0,1622.0,1677.0,1734.0,1791.0,1850.0,1914.0,1980.0,2048.0,2120.0,2193.0,2270.5,2350.5,2431.0,2517.5,2607.5,2696.5,2792.5,2891.0,2994.5,3099.0,3209.0,3322.5,3439.0,3556.0,3680.0,3813.0,3947.0,4086.0,4230.0,4381.0,4538.5,4701.5,4867.5,5036.5,5217.5,5411.5,5609.5,5812.5,6021.0,6245.0,6467.0,6704.5,6945.5,7201.0,7458.5,7731.5,8010.0,8291.0,8582.5,8878.0,9174.5,9483.0,9802.0,10122.5,10457.0,10806.5,11152.0,11522.5,11900.5,12269.5,12656.0,13058.5,13462.5,13883.0,14315.5,14748.0,15208.0,15669.5,16135.0,16620.5,17115.0,17616.0,18131.0,18665.0,19201.5,19747.5,20327.5,20906.0,21495.0,22099.0,22713.0,23339.5,23993.0,24634.0,25304.5,25991.5,26689.5,27405.0,28130.5,28876.5,29648.5,30416.0,31208.5,32029.5,32848.0,33673.0,34534.5,35395.5,36271.5,37181.5,38100.0,39042.5,39991.5,40969.5,41963.0,42972.5,44002.0,45031.5,46083.5,47147.0,48240.0,49341.5,50480.5,51622.0,52804.5,53981.0,55189.0,56392.5,57620.0,58880.0,60173.0,61492.0,62849.0,64249.0,65665.5,67104.0,68571.5,70085.5,71607.0,73153.5,74767.5,76361.0,78001.5,79704.0,81417.0,83138.0,84898.0,86671.5,88476.5,90307.5,92163.5,94051.0,95960.5,97890.5,99837.0,101816.0,103806.5,105815.5,107861.5,109933.5,112016.5,114123.5,116237.0,118356.0,120491.5,122631.0,124805.0,126991.0,129210.0,131415.0,133620.5,135832.5,138057.0,140267.5,142502.5,144747.5,147006.0,149240.0,151484.5,153726.5,155947.0,158188.5,160419.5,162647.5,164882.5,167114.5,169343.5,171572.5,173789.5,175991.5,178188.0,180369.5,182556.5,184752.5,186923.0,189086.5,191239.5,193390.5,195517.5,197641.0,199755.0,201873.5,203968.5,206050.0,208126.0,210184.0,212229.5,214246.5,216275.0,218285.5,220263.0,222242.0,224204.0,226141.0,228066.5,229985.0,231889.0,233773.0,235642.5,237487.0,239332.0,241142.5,242949.5,244721.5,246455.5,248142.5,249810.0,251412.0,252996.0,254528.5,256043.0,257528.5,258973.0,260387.0,261773.0,263122.0,264456.0,265763.5,267033.0,268272.0,269490.0,270678.5,271844.5,272991.0,274103.0,275190.0,276247.0,277288.0,278314.0,279336.0,280338.0,281334.0,282311.0,283259.0,284208.5,285137.5,286064.5,286963.5,287845.5,288702.5,289558.0,290409.5,291232.5,292042.5,292825.0,293594.5,294358.5,295109.0,295835.5,296557.5,297271.0,297979.5,298663.0,299327.5,299984.5,300625.5,301262.0,301880.0,302492.5,303074.5,303659.5,304224.0,304775.5,305322.0,305855.0,306384.0,306901.0,307407.5,307899.0,308382.0,308856.0,309331.5,309786.0,310233.5,310673.5,311099.0,311515.5,311925.5,312321.5,312723.0,313101.0,313471.0,313832.5,314188.0,314547.5,314898.0,315241.5,315575.5,315901.0,316224.5,316539.0,316835.5,317132.0,317429.0,317720.0,318004.5,318281.5,318551.0,318819.0,319081.0,319331.5,319575.5,319819.5,320052.0,320283.0,320512.5,320733.5,320954.5,321166.0,321377.5,321576.5,321778.0,321975.0,322165.0,322355.0,322543.0,322726.0,322903.5,323075.0,323244.0,323415.0,323576.5,323731.5,323881.5,324029.0,324173.5,324313.5,324445.5,324575.5,324704.0,324826.5,324948.5,325063.0,325177.5,325288.5,325396.0,325500.0,325600.0,325699.5,325796.5,325891.5,325982.5,326072.5,326158.5,326243.5,326325.5,326405.5,326481.5,326556.5,326630.5,326704.0,326778.5,326849.0,326920.0,326991.0,327057.0,327122.0,327187.0,327250.5,327316.5,327377.5,327437.5,327494.0,327550.0,327604.0,327656.5,327707.0,327759.0,327809.0,327858.0,327907.0,327952.0,327998.5,328043.0,328085.0,328130.0,328172.0,328213.0,328254.0,328293.0,328334.0,328372.5,328409.5,328445.5,328480.5,328514.0,328546.5,328581.5,328614.5,328646.5,328677.5,328706.0,328736.0,328766.0,328794.0,328820.0,328846.0,328873.0,328900.0,328927.0,328951.5,328975.0,328997.0,329019.0,329039.5,329059.5,329079.5,329099.5,329118.5,329137.5,329155.5,329172.5,329189.5,329206.5,329222.5,329238.5,329253.5,329268.5,329282.5,329296.5,329310.5,329324.0,329337.0,329349.0,329361.5,329373.5,329385.5,329396.5,329407.5,329417.5,329427.5,329437.5,329447.5,329456.5,329465.5,329474.5,329483.5,329492.5,329501.0,329509.0,329517.0,329524.0,329531.0,329538.0,329545.0,329552.0,329558.0,329565.0,329571.0,329578.0,329584.0,329590.0,329596.0,329602.0,329607.0,329612.5,329617.5,329622.5,329627.5,329632.5,329637.5,329641.5,329645.5,329649.5,329653.5,329657.5,329661.5,329665.5
Bungoma,0.0,0.0,0.0,0.0,0.0,0.0,0.0,0.0,0.0,0.0,0.0,0.0,0.0,0.0,0.0,0.0,0.0,0.0,0.0,0.0,0.0,0.0,0.0,0.0,0.0,0.0,0.0,0.0,0.0,0.0,0.0,0.0,0.0,0.0,0.0,0.0,0.0,0.0,0.0,0.0,0.0,0.0,0.0,0.0,0.0,0.0,0.0,0.0,0.0,0.0,0.0,0.0,0.0,1.0,2.0,2.0,3.0,4.0,5.0,6.0,6.0,7.0,8.0,9.0,10.0,11.0,12.0,13.0,14.0,15.0,16.0,17.0,18.0,19.0,20.0,21.0,22.0,23.0,24.0,25.0,26.0,27.0,28.0,29.5,31.5,33.5,35.5,37.5,39.5,41.5,43.5,45.5,47.5,49.5,51.5,53.5,55.5,57.5,60.5,63.5,66.5,69.5,72.5,75.5,78.5,81.5,84.5,87.5,91.5,94.5,98.5,102.5,106.5,111.5,115.5,119.5,124.5,129.5,134.5,139.5,145.5,150.5,155.5,161.5,167.5,173.5,179.5,185.5,192.5,199.5,207.5,215.5,223.5,231.5,240.5,248.5,257.5,265.5,274.5,284.5,293.5,303.5,314.5,325.0,335.0,346.0,357.5,369.5,381.5,394.5,408.5,422.5,435.5,449.5,464.5,479.5,495.5,510.5,527.5,544.5,562.5,580.5,598.5,617.5,637.5,657.5,677.5,699.5,721.5,744.5,766.5,790.5,815.0,840.0,866.0,895.0,924.0,954.0,985.0,1016.0,1049.0,1085.0,1122.5,1158.0,1196.0,1233.0,1272.0,1315.5,1358.5,1404.0,1449.5,1500.5,1552.0,1604.0,1661.0,1717.0,1778.0,1838.0,1901.5,1968.5,2039.0,2109.0,2181.0,2257.5,2336.5,2417.0,2501.0,2588.0,2678.0,2769.5,2864.5,2965.5,3071.0,3178.5,3289.5,3402.5,3523.0,3647.5,3775.5,3911.0,4048.0,4192.0,4335.0,4488.5,4652.5,4812.5,4979.5,5148.0,5319.0,5488.5,5670.5,5859.0,6050.0,6247.5,6453.5,6663.5,6881.0,7100.0,7321.5,7557.0,7800.5,8044.5,8297.5,8557.0,8822.5,9089.5,9371.5,9664.0,9957.5,10261.0,10567.0,10881.0,11196.5,11529.5,11869.5,12217.5,12561.0,12938.5,13313.5,13700.5,14100.5,14498.5,14913.5,15337.0,15773.0,16213.5,16658.5,17114.0,17596.5,18083.5,18586.5,19106.5,19625.5,20160.0,20706.0,21266.0,21848.5,22438.5,23053.5,23669.5,24307.5,24957.5,25622.0,26299.0,27016.0,27753.5,28489.0,29231.5,30016.0,30789.5,31575.5,32373.5,33190.5,34032.5,34899.0,35786.0,36710.0,37626.5,38568.0,39528.5,40514.0,41550.0,42619.0,43724.0,44857.5,46026.0,47222.0,48468.0,49736.5,51050.0,52384.5,53756.0,55208.5,56641.5,58150.5,59674.5,61232.5,62849.5,64518.5,66195.0,67905.0,69700.5,71506.5,73367.5,75303.0,77246.5,79243.0,81296.0,83398.5,85515.0,87710.0,89952.0,92229.0,94600.5,97018.5,99430.0,101945.5,104475.5,107094.5,109755.0,112466.0,115216.0,118028.0,120904.5,123826.5,126790.5,129809.5,132877.0,136018.5,139166.0,142377.0,145703.5,149021.5,152422.5,155868.0,159360.0,162878.5,166488.5,170127.0,173829.5,177621.5,181441.0,185294.5,189202.5,193141.5,197132.5,201142.5,205233.5,209330.0,213399.0,217536.0,221724.5,225940.5,230171.5,234429.5,238707.0,243010.5,247307.0,251597.0,255914.5,260234.0,264564.5,268909.0,273233.0,277550.0,281910.5,286278.5,290615.0,294932.5,299243.0,303535.5,307816.0,312094.5,316310.5,320476.5,324629.5,328696.5,332710.0,336643.0,340515.0,344354.0,348130.5,351887.5,355578.5,359254.0,362863.0,366436.0,369974.0,373479.0,376938.0,380310.0,383668.0,386976.5,390241.0,393482.5,396669.0,399809.0,402923.0,406033.0,409123.5,412238.5,415315.5,418384.0,421430.5,424434.0,427449.0,430431.0,433398.5,436345.0,439250.0,442118.5,444984.5,447795.5,450587.0,453302.0,456018.0,458706.5,461360.0,463963.5,466508.5,469069.5,471560.0,474024.0,476427.5,478803.5,481144.5,483434.0,485692.0,487936.5,490117.0,492287.5,494412.0,496508.0,498580.5,500598.0,502575.0,504496.0,506421.0,508296.0,510144.5,511917.5,513703.0,515431.5,517148.5,518826.5,520450.0,522053.5,523644.0,525206.0,526739.0,528213.5,529677.0,531104.5,532492.5,533880.0,535252.0,536553.5,537856.0,539129.5,540384.5,541623.5,542833.5,544000.5,545176.5,546284.5,547394.0,548472.0,549544.0,550573.5,551582.0,552572.0,553559.5,554536.5,555456.5,556369.0,557258.0,558128.5,558971.0,559812.0,560616.0,561421.0,562214.0,562971.0,563699.5,564417.5,565128.5,565837.0,566502.0,567172.5,567823.0,568440.0,569060.5,569673.0,570256.5,570823.0,571367.5,571901.0,572408.0,572904.5,573374.5,573844.0,574294.5,574750.0,575188.0,575600.5,576007.5,576397.5,576774.5,577155.0,577507.5,577858.5,578201.5,578529.0,578851.0,579165.5,579469.5,579768.5,580050.5,580333.5,580608.0,580885.5,581148.5,581407.0,581655.0,581909.5,582145.0,582378.5,582611.0,582846.5,583059.0,583269.0,583478.5,583679.0,583877.5,584077.5,584275.0,584468.0,584645.0,584827.0,585001.0,585175.5,585342.5,585505.5,585663.5,585817.0,585974.5,586124.0,586266.0,586407.5,586547.0,586682.0,586813.0,586938.0,587065.5,587187.0,587307.0,587425.5,587541.0,587645.5,587757.5,587859.5,587961.5,588063.5,588159.5,588257.5,588349.0,588437.5,588527.0,588613.5,588698.5,588780.5,588861.5,588939.0,589016.5,589087.5,589159.0,589225.0,589290.0,589351.0,589413.0,589472.0,589529.5,589586.0,589642.5,589694.5,589746.5,589797.0,589846.0,589893.0,589938.0,589983.5,590027.5,590070.5,590110.0,590150.5,590189.0,590225.0,590261.0,590297.0,590332.5,590366.5,590397.5,590431.5,590462.0,590493.0,590521.5,590550.5,590577.5,590605.0,590629.0,590654.0,590677.0,590699.0,590724.0,590746.0,590768.0,590788.0,590808.0,590826.0,590844.0,590862.5,590880.5,590896.5,590912.5,590928.5,590944.5,590959.5,590974.5,590989.0,591003.0,591017.0,591031.5,591044.5,591056.5,591069.5,591080.5,591091.5,591102.5
Busia,0.0,0.0,0.0,0.0,0.0,0.0,0.0,0.0,0.0,0.0,0.0,0.0,0.0,0.0,0.0,0.0,0.0,0.0,0.0,0.0,0.0,0.0,0.0,0.0,0.0,0.0,0.0,0.0,0.0,0.0,0.0,0.0,0.0,0.0,0.0,0.0,0.0,0.0,0.0,0.0,0.0,0.0,0.0,0.0,0.0,0.0,0.0,0.0,0.0,0.0,0.0,0.0,0.0,0.0,0.0,0.0,0.0,0.0,0.0,0.0,0.0,0.0,0.0,0.0,0.0,0.0,0.0,0.0,0.0,0.0,0.0,0.0,0.0,0.0,0.0,0.0,0.0,0.0,0.0,0.0,0.0,0.0,1.0,1.0,1.0,2.0,2.0,3.0,4.0,5.0,6.0,7.0,8.0,9.0,10.0,11.0,12.0,13.0,14.0,15.0,16.0,17.0,18.0,19.0,20.0,21.0,22.0,23.0,24.0,25.0,26.0,27.0,29.0,31.0,33.0,35.0,37.0,39.0,41.0,43.0,45.0,47.0,49.0,51.0,53.0,56.0,59.0,62.0,65.0,68.0,71.0,75.0,78.0,81.0,85.0,89.0,93.0,97.0,101.0,105.0,109.0,113.0,118.0,123.0,128.0,133.0,138.0,143.5,149.5,155.5,161.5,167.5,173.5,180.5,187.5,194.5,201.5,209.5,217.5,225.5,233.5,241.5,250.5,259.5,268.5,277.5,287.5,297.5,307.5,317.5,327.5,338.5,349.5,361.5,374.0,387.0,401.0,414.5,429.5,443.5,459.5,475.5,493.0,510.0,529.0,547.0,567.0,588.0,610.5,633.5,656.0,680.5,706.5,732.5,760.5,789.5,817.5,848.5,880.5,915.5,949.5,985.5,1023.5,1062.5,1103.0,1145.5,1190.5,1235.5,1284.5,1332.5,1384.0,1435.0,1491.0,1551.0,1612.0,1670.5,1733.0,1799.0,1866.5,1936.5,2007.5,2079.5,2154.5,2234.5,2317.0,2405.5,2495.5,2585.5,2674.5,2769.5,2865.5,2963.5,3060.0,3165.0,3272.0,3379.0,3495.0,3611.0,3726.0,3844.5,3968.5,4092.5,4220.5,4351.0,4489.0,4632.0,4773.5,4921.0,5073.0,5225.0,5385.5,5549.5,5718.0,5894.0,6076.0,6263.5,6450.0,6641.0,6840.5,7043.0,7253.5,7474.0,7691.5,7913.5,8142.5,8375.0,8619.0,8860.0,9114.5,9373.5,9644.5,9910.5,10187.0,10472.0,10757.5,11062.0,11374.0,11691.5,12005.5,12327.0,12656.5,13000.5,13350.0,13711.0,14075.5,14452.0,14828.0,15219.0,15624.5,16038.0,16454.0,16877.0,17312.0,17749.0,18202.0,18670.0,19147.0,19633.0,20138.0,20655.5,21190.5,21745.0,22306.5,22883.5,23487.0,24101.0,24737.5,25390.5,26061.0,26751.5,27457.0,28191.0,28937.5,29720.5,30526.0,31351.0,32198.0,33059.0,33927.5,34827.5,35751.5,36711.0,37691.0,38704.5,39741.0,40781.0,41854.5,42975.5,44096.5,45255.0,46436.5,47662.0,48888.5,50144.5,51446.0,52783.0,54135.0,55540.0,56960.5,58406.5,59887.0,61400.5,62934.0,64499.0,66100.0,67704.0,69367.0,71039.0,72754.0,74508.0,76278.0,78099.0,79913.0,81777.5,83675.5,85595.0,87556.0,89545.0,91531.5,93568.5,95641.0,97721.0,99830.5,101959.5,104117.5,106322.5,108529.5,110770.5,113045.5,115312.0,117598.5,119942.0,122245.0,124569.0,126932.0,129312.0,131688.5,134066.0,136473.5,138867.0,141268.0,143683.5,146126.5,148576.5,151045.5,153487.5,155909.5,158327.5,160722.0,163143.5,165553.5,167957.5,170351.5,172748.0,175123.0,177449.0,179749.0,181993.5,184215.0,186420.0,188613.5,190767.5,192891.5,194999.5,197083.0,199127.5,201161.0,203184.0,205175.5,207141.0,209073.5,210999.5,212882.0,214753.0,216581.0,218389.5,220182.5,221950.5,223697.0,225451.0,227214.0,228977.0,230728.5,232471.5,234200.5,235911.0,237597.0,239266.0,240926.5,242566.0,244187.5,245788.0,247368.5,248950.5,250495.5,252026.0,253528.5,255010.0,256483.5,257948.5,259374.5,260760.5,262145.5,263489.5,264818.0,266123.5,267412.5,268679.0,269912.0,271145.0,272341.0,273546.0,274719.5,275862.5,276964.0,278060.5,279137.5,280199.5,281217.0,282230.5,283235.5,284226.5,285188.5,286132.0,287057.0,287974.5,288872.0,289756.0,290607.5,291445.5,292264.5,293076.0,293851.5,294623.5,295373.5,296145.0,296867.5,297573.5,298275.5,298964.5,299631.5,300287.0,300928.5,301549.5,302171.0,302774.0,303369.0,303950.5,304516.0,305056.5,305595.0,306131.5,306660.0,307157.0,307655.0,308123.0,308597.0,309054.0,309504.5,309948.5,310378.5,310787.5,311195.5,311594.0,311995.5,312365.0,312741.0,313114.5,313473.5,313816.0,314163.5,314496.5,314827.0,315146.5,315448.5,315742.0,316031.5,316315.0,316576.0,316833.5,317098.0,317345.5,317578.5,317807.0,318037.0,318261.0,318473.0,318675.0,318874.5,319072.0,319256.0,319437.0,319610.0,319778.0,319941.5,320098.5,320255.0,320411.5,320564.5,320714.0,320860.0,321003.5,321145.0,321276.5,321409.5,321542.0,321670.0,321792.5,321913.5,322027.5,322138.5,322251.5,322362.5,322469.5,322575.5,322674.5,322769.5,322865.5,322960.0,323051.5,323143.0,323232.0,323318.0,323399.0,323482.5,323564.5,323639.5,323712.5,323787.0,323857.5,323927.0,323997.5,324065.0,324130.0,324195.0,324257.5,324319.5,324378.0,324437.0,324493.5,324548.5,324601.0,324655.0,324708.5,324759.0,324809.0,324857.0,324904.0,324951.0,324993.5,325038.5,325079.5,325119.5,325159.5,325196.5,325235.0,325269.0,325302.0,325335.0,325366.5,325398.5,325428.0,325457.5,325485.0,325510.5,325536.5,325561.5,325586.5,325612.5,325636.5,325660.5,325682.5,325704.5,325725.0,325746.0,325767.0,325785.5,325803.5,325821.5,325839.0,325856.0,325872.0,325888.0,325903.0,325918.0,325933.0,325946.0,325961.0,325974.5,325986.5,325999.0,326012.0,326024.0,326036.0,326047.0,326059.0,326070.0,326080.0,326090.0,326099.0,326108.0,326118.0,326127.0,326136.0,326145.0,326154.0,326162.0,326170.0,326177.0,326184.0,326191.0,326199.0,326205.0,326212.0,326218.0,326224.0,326230.0,326235.5
Elgeyo Marakwet,0.0,0.0,0.0,0.0,0.0,0.0,0.0,0.0,0.0,0.0,0.0,0.0,0.0,0.0,0.0,0.0,0.0,0.0,0.0,0.0,0.0,0.0,0.0,0.0,0.0,0.0,0.0,0.0,0.0,0.0,0.0,0.0,0.0,0.0,0.0,0.0,0.0,0.0,0.0,0.0,0.0,0.0,0.0,0.0,0.0,0.0,0.0,0.0,0.0,0.0,0.0,0.0,0.0,0.0,0.0,0.0,0.0,0.0,0.0,0.0,0.0,0.0,0.0,0.0,0.0,0.0,0.0,0.0,0.0,0.0,0.0,0.0,0.0,0.0,0.0,0.0,0.0,0.0,0.0,0.0,0.0,0.0,0.0,0.0,0.0,0.5,1.5,1.5,2.5,3.5,4.5,5.5,6.5,7.5,8.5,9.5,10.5,11.5,12.5,13.5,14.5,15.5,16.5,17.5,18.5,19.5,20.5,22.5,24.5,26.5,28.5,30.5,32.5,34.5,36.5,38.5,40.5,42.5,44.5,46.5,48.5,50.5,52.5,54.5,56.5,59.5,62.5,65.5,68.5,71.5,74.5,77.5,80.5,83.5,87.0,91.0,95.0,99.0,103.0,107.0,111.0,115.0,120.0,124.0,129.0,134.0,139.0,144.5,149.5,154.5,160.5,167.0,173.0,180.0,186.0,193.0,200.0,207.0,214.0,221.0,229.0,236.5,244.5,252.5,261.5,270.5,280.5,290.5,299.5,309.5,319.5,329.5,340.5,351.5,363.5,375.0,387.0,400.0,413.0,427.0,442.0,457.0,474.0,490.5,507.5,525.5,543.5,563.5,584.0,606.0,628.0,650.0,673.5,699.5,725.5,750.5,778.5,807.0,837.0,868.0,900.0,932.0,967.0,1003.0,1040.5,1078.5,1118.0,1157.0,1199.0,1243.0,1290.0,1338.0,1389.0,1441.5,1494.5,1549.0,1605.0,1666.0,1729.0,1795.5,1862.5,1929.0,2002.0,2076.5,2157.0,2236.5,2320.5,2405.5,2489.0,2576.5,2669.0,2762.0,2854.5,2950.0,3047.5,3147.5,3254.0,3361.0,3474.0,3584.0,3701.5,3824.5,3950.0,4077.5,4209.5,4345.5,4482.0,4620.5,4767.5,4911.0,5062.0,5221.5,5386.0,5551.5,5719.5,5892.0,6072.5,6260.0,6440.5,6627.5,6819.5,7012.5,7211.5,7417.5,7635.5,7860.0,8078.0,8314.0,8539.5,8783.5,9030.5,9276.5,9533.0,9793.5,10072.0,10348.0,10630.5,10910.5,11202.0,11497.5,11806.5,12115.0,12434.0,12766.5,13099.0,13448.0,13783.0,14141.5,14488.5,14850.5,15236.5,15619.0,16008.5,16409.0,16801.5,17218.5,17632.5,18058.0,18482.0,18919.5,19384.0,19862.5,20340.0,20824.5,21345.5,21884.5,22422.0,22979.5,23550.0,24133.0,24713.5,25335.0,25963.5,26594.0,27230.5,27904.5,28571.0,29266.5,29972.0,30690.5,31425.0,32185.5,32960.5,33740.5,34521.0,35343.0,36173.5,37022.0,37892.5,38763.5,39662.0,40581.5,41506.5,42462.0,43417.0,44388.0,45368.5,46383.0,47386.0,48420.0,49452.5,50496.0,51562.0,52667.0,53758.0,54876.5,55993.5,57146.0,58298.0,59465.5,60641.0,61812.0,62989.0,64175.0,65367.5,66577.0,67780.5,68978.0,70187.0,71415.5,72647.0,73867.0,75095.0,76339.0,77573.0,78788.5,80024.0,81249.0,82477.5,83715.0,84939.5,86173.5,87392.5,88604.5,89815.0,91032.5,92242.0,93448.5,94652.5,95848.0,97050.0,98245.0,99434.0,100625.5,101799.0,102978.0,104137.5,105285.0,106437.5,107577.5,108717.5,109843.5,110956.5,112067.5,113150.5,114217.5,115269.0,116309.5,117320.5,118303.0,119278.5,120234.0,121173.5,122106.0,123019.0,123916.0,124805.0,125670.0,126533.0,127371.0,128191.0,128996.0,129784.0,130558.0,131314.5,132066.5,132789.5,133494.5,134191.5,134891.0,135578.0,136260.0,136934.5,137602.5,138250.5,138894.0,139532.5,140149.0,140762.5,141358.5,141943.5,142519.0,143097.0,143650.5,144200.5,144748.5,145281.5,145805.0,146317.5,146820.5,147321.0,147802.5,148284.0,148748.0,149213.5,149664.5,150090.5,150515.0,150932.5,151350.0,151741.0,152130.0,152514.5,152897.5,153264.5,153624.0,153978.0,154319.0,154660.5,154993.5,155324.0,155640.5,155945.0,156259.0,156560.5,156856.0,157154.5,157433.5,157706.5,157979.0,158237.0,158492.0,158741.5,158979.5,159222.5,159466.5,159696.5,159920.5,160142.5,160361.0,160571.0,160774.5,160979.0,161177.0,161374.5,161561.5,161743.0,161919.5,162096.0,162259.5,162429.0,162597.5,162755.5,162914.0,163065.0,163210.0,163354.5,163498.5,163639.5,163776.5,163911.0,164040.0,164166.5,164291.0,164412.5,164531.0,164644.5,164757.5,164865.5,164974.0,165079.5,165185.0,165284.5,165381.5,165478.5,165573.0,165664.5,165747.5,165831.5,165914.5,165992.0,166071.5,166149.5,166220.5,166293.5,166363.0,166432.5,166495.5,166558.5,166619.5,166681.0,166738.5,166795.0,166851.0,166904.0,166956.0,167003.0,167051.0,167099.5,167143.0,167188.5,167232.5,167277.5,167321.5,167362.0,167403.5,167444.5,167483.0,167522.0,167559.5,167595.5,167632.5,167667.5,167702.5,167736.5,167769.5,167801.5,167832.5,167863.5,167892.5,167921.5,167948.5,167976.5,168003.5,168029.5,168055.5,168081.5,168106.5,168130.0,168153.5,168176.0,168199.0,168220.0,168240.5,168261.5,168282.5,168302.5,168321.5,168340.5,168358.5,168376.0,168395.0,168411.0,168427.0,168444.0,168461.0,168476.5,168491.5,168506.5,168521.5,168535.5,168549.5,168562.5,168575.5,168588.5,168600.5,168612.5,168623.5,168633.5,168643.5,168653.5,168663.5,168673.5,168682.5,168691.5,168700.5,168709.5,168718.5,168726.5,168734.5,168742.5,168749.5,168756.5,168763.5,168769.5,168775.5,168782.5,168788.5,168794.5,168800.5,168806.0,168812.0,168817.0,168822.0,168827.0,168832.0,168837.0,168842.0,168847.0,168851.5,168855.5,168859.5,168863.5,168867.5,168871.0,168875.0,168878.0,168881.0,168885.0,168889.0,168893.0,168897.0,168900.0,168903.0,168906.0,168909.0,168912.0,168914.0,168916.5,168918.5,168920.5,168922.5,168924.5,168926.5,168928.5,168930.5,168932.5,168934.5
Embu,0.0,0.0,0.0,0.0,0.0,0.0,0.0,0.0,0.0,0.0,0.0,0.0,0.0,0.0,0.0,1.0,2.0,2.0,3.0,4.0,5.0,6.0,7.0,8.0,9.0,10.0,11.0,12.0,13.0,14.0,15.0,16.0,17.0,18.0,19.0,20.0,21.0,22.0,23.0,24.0,25.0,26.0,27.0,29.0,30.5,32.5,34.0,36.0,38.0,40.0,42.0,44.0,46.0,48.0,50.0,52.0,54.0,56.0,58.0,60.0,63.0,65.0,67.0,70.0,73.0,76.0,79.0,82.0,85.0,88.0,91.0,94.5,98.0,102.0,105.5,109.5,113.5,117.5,121.5,126.5,131.5,136.5,141.5,146.5,151.5,156.5,161.0,166.0,172.0,177.0,183.0,188.0,194.0,200.0,206.0,212.0,219.0,226.0,233.0,240.5,248.5,256.5,263.5,271.5,280.0,288.0,296.5,305.5,315.5,325.5,335.5,345.5,356.5,367.5,378.5,390.5,402.5,414.0,427.0,440.0,454.0,467.0,481.0,496.0,510.0,525.0,539.0,555.0,571.0,586.5,604.5,620.5,639.0,658.0,677.0,697.0,717.5,737.5,758.0,779.0,802.5,824.0,847.0,871.0,894.0,919.0,946.0,972.0,1000.0,1029.0,1057.5,1087.5,1117.5,1149.0,1180.5,1211.0,1244.5,1279.5,1313.5,1349.5,1386.5,1424.5,1463.5,1503.5,1545.5,1588.5,1632.5,1677.5,1723.5,1769.5,1817.5,1865.5,1914.5,1965.5,2018.5,2073.0,2129.5,2186.0,2251.5,2315.0,2382.0,2449.0,2517.0,2591.5,2667.5,2743.5,2822.5,2906.5,2994.0,3083.0,3176.0,3270.0,3365.5,3469.5,3572.0,3681.5,3795.0,3912.0,4031.0,4156.0,4284.5,4420.0,4556.0,4699.0,4857.0,5013.5,5174.5,5342.5,5519.0,5698.0,5883.0,6071.5,6277.0,6476.0,6684.0,6902.0,7127.0,7354.0,7589.5,7844.5,8102.0,8361.5,8631.5,8921.0,9214.5,9512.5,9819.5,10133.0,10445.5,10769.5,11112.5,11454.0,11799.5,12150.0,12510.0,12885.0,13274.5,13669.5,14062.0,14464.5,14888.5,15306.0,15741.0,16180.0,16645.0,17110.0,17593.5,18086.5,18583.5,19095.5,19610.0,20128.5,20658.5,21208.5,21781.0,22343.0,22921.0,23506.5,24105.5,24721.0,25349.0,25975.5,26613.5,27264.0,27932.0,28614.5,29303.0,29992.5,30708.5,31427.5,32148.0,32884.0,33644.5,34403.5,35179.5,35954.0,36765.5,37567.0,38388.5,39218.5,40064.0,40904.5,41761.0,42617.5,43521.0,44428.0,45337.0,46252.5,47164.0,48101.0,49037.5,49988.0,50944.0,51905.0,52863.5,53838.5,54834.5,55835.0,56846.5,57878.0,58922.0,59973.5,61051.5,62136.0,63252.0,64388.0,65532.5,66689.5,67857.0,69047.0,70253.5,71467.0,72703.5,73951.5,75209.0,76478.5,77767.0,79054.0,80361.0,81657.0,82974.0,84292.5,85626.0,86957.0,88292.5,89635.5,90981.0,92343.0,93698.5,95065.0,96423.0,97791.5,99156.0,100521.0,101889.0,103258.0,104632.5,106004.0,107376.0,108751.0,110123.5,111490.5,112858.5,114229.0,115598.0,116954.5,118315.5,119670.0,121018.5,122377.5,123728.5,125085.0,126433.5,127774.0,129109.0,130449.5,131761.0,133062.5,134385.0,135693.0,136975.5,138288.0,139569.0,140841.5,142109.5,143371.5,144618.0,145862.5,147097.0,148327.0,149545.0,150742.5,151928.5,153101.5,154273.5,155437.5,156585.5,157723.5,158837.0,159940.5,161036.0,162107.0,163161.0,164210.0,165240.5,166262.0,167258.0,168252.0,169226.0,170196.0,171137.0,172072.0,172974.0,173858.5,174726.5,175576.5,176399.5,177213.0,178012.0,178779.0,179524.0,180274.0,180998.5,181694.5,182383.5,183063.0,183711.0,184349.0,184962.5,185572.5,186171.0,186742.0,187301.0,187845.5,188394.5,188916.5,189419.0,189915.5,190414.0,190888.0,191356.5,191827.0,192290.0,192737.5,193176.0,193605.5,194021.5,194442.0,194842.5,195235.0,195620.5,195990.5,196352.5,196712.5,197072.5,197427.0,197763.0,198097.0,198425.5,198745.0,199063.5,199366.5,199667.5,199961.0,200247.0,200535.0,200814.0,201081.5,201345.5,201606.5,201855.0,202106.0,202347.0,202587.5,202818.0,203042.5,203262.5,203477.5,203686.0,203894.0,204099.0,204298.5,204497.0,204687.5,204876.5,205062.5,205244.5,205413.0,205576.5,205743.0,205901.0,206058.5,206213.5,206368.0,206519.0,206666.0,206805.5,206943.5,207079.0,207207.0,207338.0,207466.5,207592.5,207718.5,207836.5,207952.5,208064.5,208178.0,208287.5,208397.0,208501.0,208605.0,208703.0,208802.5,208897.5,208989.0,209082.5,209169.5,209256.5,209341.0,209424.5,209505.5,209584.5,209662.0,209738.5,209813.5,209888.0,209961.0,210032.0,210099.0,210167.0,210231.0,210294.5,210352.5,210412.0,210469.0,210524.0,210581.0,210636.0,210686.5,210736.5,210785.0,210831.5,210878.5,210926.5,210972.5,211014.5,211055.0,211095.0,211135.0,211171.0,211208.0,211243.0,211278.0,211312.0,211345.5,211377.5,211409.5,211439.5,211471.5,211502.5,211531.5,211561.5,211588.5,211617.5,211645.0,211670.5,211696.0,211721.0,211746.0,211770.0,211793.0,211816.0,211839.5,211862.5,211884.5,211906.0,211927.0,211948.0,211967.0,211986.0,212004.5,212022.5,212039.5,212058.5,212075.5,212092.5,212108.5,212124.5,212140.5,212155.5,212170.5,212184.5,212198.5,212212.5,212225.5,212239.5,212251.5,212264.0,212277.0,212289.5,212301.5,212312.5,212324.5,212335.5,212346.5,212357.5,212367.5,212377.5,212387.5,212397.5,212406.5,212415.5,212424.5,212433.0,212441.0,212449.0,212457.0,212465.0,212472.0,212479.0,212486.0,212493.0,212500.0,212507.0,212513.0,212519.0,212526.0,212531.0,212537.0,212542.0,212547.0,212552.0,212557.0,212562.0,212567.0,212572.0,212577.0,212582.0,212587.0,212591.0,212595.0,212599.0,212603.0,212607.0,212611.0,212615.0,212618.0,212621.0,212624.0,212627.0,212630.0,212633.0,212636.0,212639.0,212642.0,212645.0,212648.0,212651.0,212653.0,212655.5,212657.5,212659.5,212661.5,212663.5,212665.5,212667.5,212669.5,212671.5,212673.5,212675.5,212677.5,212679.5,212681.5,212683.5,212685.5,212687.5,212689.5
Garissa,0.0,0.0,0.0,0.0,0.0,0.0,0.0,0.0,0.0,0.0,0.0,0.0,0.0,0.0,0.0,0.0,0.0,0.0,0.0,0.0,0.0,0.0,0.0,0.0,0.0,0.0,0.0,0.0,0.0,0.0,0.0,1.0,1.0,1.0,2.0,3.0,4.0,5.0,5.0,6.0,7.0,7.0,8.0,9.0,10.0,11.0,12.0,13.0,14.0,15.0,16.0,17.0,18.0,19.0,20.0,21.0,22.0,23.0,24.0,25.0,26.0,27.0,28.0,30.0,31.0,32.5,34.5,36.5,38.5,40.5,42.5,44.5,46.5,48.5,51.5,53.5,55.5,57.5,60.5,63.0,65.0,68.0,71.0,74.0,77.0,80.0,83.0,86.0,89.0,92.0,95.0,99.0,103.0,107.0,111.0,115.0,120.0,124.0,128.5,133.5,138.0,143.0,148.0,153.0,159.0,165.0,171.0,177.0,183.0,189.0,196.0,203.0,210.0,217.0,225.0,233.0,241.0,249.0,257.0,265.0,274.0,283.0,292.0,302.0,312.0,322.0,332.0,343.0,354.0,366.0,378.0,389.0,402.0,414.0,427.0,441.0,454.0,468.0,483.0,498.0,513.5,529.5,546.5,563.0,581.0,598.0,617.0,635.0,654.0,674.0,695.0,717.0,739.0,762.0,785.0,808.0,831.0,857.0,883.0,910.5,937.5,965.5,994.5,1025.5,1056.0,1087.5,1118.0,1151.5,1185.5,1220.0,1255.5,1294.0,1332.0,1376.0,1416.0,1459.0,1505.5,1554.5,1603.5,1653.5,1705.0,1759.0,1817.0,1875.5,1934.5,1997.5,2062.5,2129.0,2197.0,2271.0,2346.5,2428.0,2507.5,2591.0,2678.0,2768.5,2862.5,2958.0,3052.0,3153.5,3260.5,3366.5,3479.0,3595.0,3718.5,3848.5,3976.5,4114.5,4255.0,4398.0,4548.0,4705.5,4864.5,5032.0,5201.0,5376.5,5559.5,5748.5,5942.0,6144.0,6353.5,6573.0,6804.0,7037.0,7285.5,7531.5,7783.0,8039.0,8304.0,8579.0,8851.0,9124.5,9418.0,9716.0,10012.0,10310.0,10621.0,10942.0,11277.5,11608.5,11958.5,12303.0,12654.5,13014.0,13393.0,13766.0,14153.0,14548.5,14955.5,15372.5,15793.0,16225.5,16664.5,17119.0,17576.0,18039.0,18513.5,19012.5,19513.5,20024.0,20553.0,21091.0,21628.0,22191.5,22759.5,23334.0,23943.0,24550.5,25164.0,25778.5,26422.5,27061.5,27726.5,28397.0,29082.5,29784.5,30492.5,31217.0,31964.0,32732.5,33502.5,34278.0,35078.5,35888.5,36698.5,37538.5,38377.0,39241.5,40138.0,41030.5,41930.5,42855.5,43804.5,44761.5,45739.5,46731.5,47719.5,48722.5,49753.0,50811.0,51924.0,53051.0,54217.0,55414.0,56643.0,57886.5,59165.5,60454.0,61780.5,63126.0,64504.5,65888.0,67309.5,68761.5,70242.5,71757.5,73290.5,74859.0,76447.5,78062.0,79693.0,81366.5,83070.5,84814.0,86577.5,88368.0,90169.0,92015.0,93844.0,95742.0,97626.5,99553.5,101528.0,103474.0,105463.5,107468.5,109505.0,111550.5,113624.0,115689.5,117784.0,119905.0,122032.0,124181.0,126340.5,128523.5,130694.5,132876.5,135088.5,137286.0,139492.5,141711.5,143932.0,146154.5,148370.0,150584.0,152803.5,155017.5,157230.5,159454.0,161667.5,163879.5,166081.0,168293.0,170497.5,172698.5,174896.5,177089.5,179273.0,181464.5,183636.5,185790.5,187953.0,190119.5,192286.5,194437.5,196599.0,198732.5,200884.0,203024.0,205139.5,207245.0,209333.0,211417.5,213490.0,215554.5,217600.5,219632.5,221650.5,223653.5,225662.0,227651.0,229614.5,231560.5,233460.0,235312.0,237129.5,238901.5,240640.5,242336.5,243994.5,245628.0,247233.0,248808.5,250353.0,251874.0,253357.5,254805.5,256230.0,257617.5,258984.0,260319.5,261628.5,262892.5,264128.0,265348.5,266536.5,267708.0,268864.0,270004.0,271115.0,272220.5,273314.5,274391.0,275444.5,276473.5,277493.0,278493.5,279473.0,280444.5,281396.0,282318.0,283213.5,284094.0,284964.5,285826.0,286662.5,287495.0,288284.0,289066.5,289834.5,290598.0,291338.0,292057.0,292765.5,293474.0,294157.0,294827.0,295477.0,296111.0,296730.5,297349.0,297948.0,298543.0,299121.0,299678.0,300230.0,300765.0,301287.0,301806.0,302308.5,302796.5,303279.0,303752.5,304214.5,304660.5,305096.5,305528.5,305938.5,306357.0,306755.5,307143.0,307521.5,307896.5,308260.5,308615.5,308964.0,309305.5,309630.5,309954.0,310272.5,310576.0,310879.5,311171.0,311456.0,311740.0,312014.0,312283.0,312545.5,312798.5,313050.5,313294.0,313527.5,313763.0,313992.0,314217.0,314435.5,314644.5,314850.5,315051.5,315250.0,315449.0,315638.5,315818.5,316001.5,316178.0,316343.5,316509.0,316672.0,316837.5,316991.5,317136.5,317282.0,317422.0,317557.5,317686.0,317819.0,317943.0,318063.5,318177.0,318291.0,318399.0,318504.0,318604.0,318706.0,318803.5,318896.0,318983.5,319074.0,319156.5,319238.0,319318.0,319397.5,319473.5,319545.5,319617.0,319684.0,319752.5,319819.0,319885.0,319948.5,320012.0,320072.5,320134.5,320193.5,320251.0,320308.5,320365.5,320418.5,320471.5,320522.5,320571.5,320619.5,320665.0,320711.5,320756.5,320802.5,320846.5,320889.0,320931.0,320971.0,321010.0,321048.0,321087.5,321123.5,321157.5,321190.5,321226.0,321259.5,321293.0,321322.5,321353.5,321384.0,321412.0,321440.0,321467.0,321493.0,321517.5,321544.0,321568.5,321592.5,321617.5,321639.5,321661.5,321683.5,321704.0,321724.0,321746.0,321765.5,321784.5,321802.5,321820.0,321838.0,321854.0,321870.5,321886.5,321900.5,321916.0,321929.5,321943.5,321957.5,321970.5,321983.0,321994.0,322006.0,322018.0,322029.0,322041.0,322052.0,322063.0,322073.0,322083.0,322092.0,322101.5,322110.5,322118.0,322127.0,322135.0,322142.0,322150.0,322157.0,322164.0,322170.0,322176.5,322183.5,322189.5,322195.5,322201.5,322206.5,322212.5,322217.5,322222.5,322227.5,322232.5,322237.5,322242.5,322246.5,322251.5,322256.5,322260.5,322264.5,322268.5,322272.5,322276.5,322279.5,322283.5,322287.5,322290.5,322293.5,322296.5,322299.5,322302.5,322305.0,322308.0,322311.0,322314.0,322317.0,322319.0
Homa Bay,0.0,0.0,0.0,0.0,0.0,0.0,0.0,0.0,0.0,0.0,0.0,0.0,0.0,0.0,0.0,0.0,0.0,0.0,0.0,0.0,0.0,0.0,0.0,0.0,0.0,0.0,0.0,0.0,0.0,0.0,0.0,0.0,0.0,0.0,0.0,0.0,0.0,0.0,0.0,0.0,0.0,0.0,0.0,0.0,0.0,0.0,0.0,0.0,0.0,0.0,0.0,0.0,0.0,0.0,0.0,0.0,0.0,0.0,0.0,0.0,0.0,0.0,0.0,1.0,1.0,2.0,2.5,3.5,4.5,5.0,6.0,7.0,8.0,9.0,10.0,11.0,12.0,13.0,14.0,15.0,16.0,17.0,18.0,19.0,20.0,21.0,22.0,24.0,25.0,26.0,27.0,28.0,29.0,30.0,32.0,34.0,36.0,38.0,40.0,42.0,44.0,46.0,48.0,50.0,52.0,54.0,56.0,58.0,61.0,63.0,66.0,69.0,71.5,74.5,77.5,80.5,83.5,86.5,90.5,94.5,98.5,102.5,106.5,110.5,114.5,119.5,123.5,128.5,133.5,138.5,143.5,149.5,154.5,160.5,165.5,172.5,178.5,185.0,192.0,199.0,206.0,213.0,222.0,230.0,239.0,248.0,257.0,266.0,275.5,284.5,294.5,304.5,315.5,326.5,337.5,348.5,361.5,374.5,386.5,399.0,412.0,425.0,439.5,454.5,469.5,485.0,502.0,519.0,534.5,551.0,569.0,588.0,606.0,625.5,646.5,667.5,690.5,713.5,738.0,764.0,788.0,815.0,841.5,869.5,899.5,932.0,966.0,1000.0,1037.0,1074.0,1110.5,1151.5,1191.5,1234.0,1276.5,1323.5,1373.0,1424.0,1476.5,1530.5,1586.0,1641.5,1703.5,1765.5,1829.5,1895.0,1963.5,2036.5,2110.5,2188.5,2267.0,2352.5,2438.0,2529.5,2623.5,2717.5,2818.5,2929.0,3041.5,3152.0,3266.0,3390.0,3515.5,3642.5,3782.0,3922.5,4067.5,4217.5,4362.5,4520.0,4676.0,4835.0,4998.5,5169.0,5341.5,5520.0,5712.0,5898.0,6090.0,6290.0,6497.0,6705.5,6917.5,7137.5,7363.0,7588.0,7826.5,8074.5,8322.0,8573.0,8837.5,9103.0,9378.5,9662.5,9949.5,10248.5,10548.0,10851.0,11167.5,11486.0,11828.5,12168.5,12518.0,12880.0,13255.0,13641.5,14036.5,14434.0,14838.5,15262.5,15692.0,16139.0,16589.5,17049.5,17516.5,17976.0,18465.0,18974.0,19488.0,20011.5,20539.0,21096.0,21653.5,22209.5,22786.5,23374.5,23994.0,24630.0,25265.5,25911.5,26564.5,27251.0,27934.0,28623.5,29339.0,30084.0,30821.5,31585.5,32370.5,33166.5,33999.0,34868.5,35755.5,36670.5,37592.5,38554.0,39536.0,40570.5,41613.0,42713.0,43827.5,44971.0,46137.0,47342.5,48568.5,49821.0,51125.0,52450.5,53801.0,55193.0,56597.0,58057.0,59527.0,61060.0,62626.0,64190.5,65826.0,67525.0,69220.0,70969.0,72728.0,74520.5,76364.0,78236.5,80158.5,82132.0,84140.5,86164.0,88247.0,90368.5,92497.5,94686.0,96902.0,99168.0,101473.0,103833.5,106203.0,108609.5,111063.0,113555.0,116044.5,118592.5,121145.5,123742.0,126365.5,129037.0,131733.5,134485.0,137240.0,140027.5,142837.5,145686.5,148539.5,151463.5,154390.5,157316.0,160255.0,163229.0,166219.0,169188.5,172183.0,175178.0,178180.5,181187.5,184227.0,187284.0,190320.5,193342.0,196370.5,199389.0,202415.0,205442.5,208430.0,211433.0,214444.0,217426.0,220410.0,223364.5,226328.0,229280.0,232225.0,235174.5,238109.5,240997.0,243870.5,246687.5,249454.0,252173.0,254851.0,257486.0,260067.0,262624.0,265163.5,267654.5,270119.0,272548.5,274976.0,277350.5,279678.0,281989.5,284269.5,286535.5,288756.0,290948.5,293105.0,295212.0,297294.5,299348.5,301397.5,303433.5,305464.0,307471.5,309441.0,311418.0,313385.5,315321.0,317241.0,319129.5,320998.5,322836.0,324644.0,326413.0,328179.0,329930.0,331639.0,333321.5,334970.0,336599.0,338209.5,339793.5,341350.5,342869.5,344364.5,345821.5,347276.0,348682.0,350083.0,351442.0,352797.5,354115.5,355414.5,356657.0,357916.0,359147.5,360345.5,361527.0,362685.5,363816.0,364906.0,365980.5,367053.5,368108.5,369133.5,370108.0,371084.5,372040.5,372983.5,373893.0,374798.0,375692.0,376544.5,377383.5,378215.5,379023.0,379815.0,380598.5,381366.0,382104.0,382819.0,383534.5,384231.5,384898.5,385572.5,386215.5,386856.5,387482.0,388089.5,388670.0,389255.5,389826.5,390384.0,390930.5,391461.0,391974.0,392481.5,392963.0,393440.0,393908.5,394358.5,394805.0,395246.5,395686.5,396102.5,396517.5,396921.0,397315.0,397696.5,398068.5,398431.5,398793.5,399139.0,399494.0,399828.0,400158.0,400479.5,400788.5,401081.0,401367.0,401643.5,401908.0,402169.5,402421.5,402666.5,402902.0,403131.5,403355.0,403576.0,403792.5,403999.5,404199.0,404396.0,404585.5,404768.5,404944.5,405122.5,405290.5,405458.5,405619.5,405780.5,405933.5,406083.5,406234.0,406376.5,406518.5,406657.0,406796.5,406929.0,407062.5,407189.5,407316.0,407434.5,407553.0,407667.0,407780.5,407894.5,408005.0,408107.5,408210.0,408311.5,408407.5,408505.0,408594.0,408686.0,408774.5,408861.0,408942.0,409026.0,409107.0,409187.0,409264.5,409338.0,409411.5,409481.0,409550.0,409620.0,409686.5,409752.5,409815.5,409875.0,409935.5,409993.0,410051.0,410108.0,410163.0,410215.5,410268.5,410319.5,410368.5,410414.5,410461.5,410508.0,410551.0,410593.5,410633.5,410674.0,410713.0,410753.0,410790.5,410824.5,410858.0,410892.0,410925.0,410956.0,410985.0,411017.0,411045.0,411072.0,411100.5,411126.5,411153.5,411178.5,411202.5,411226.0,411250.5,411273.5,411294.0,411314.0,411335.0,411355.0,411374.0,411393.0,411411.0,411428.5,411445.5,411463.5,411479.5,411494.5,411509.5,411525.5,411539.5,411554.5,411567.5,411581.5,411594.5,411606.5,411618.0,411629.0,411640.0,411651.0,411662.0,411672.0,411683.0,411693.0,411703.0,411713.0,411722.0,411731.0,411739.0,411747.0,411756.0,411764.0,411771.0,411778.0,411785.0,411792.0,411798.0,411804.0,411810.0
Isiolo,0.0,0.0,0.0,0.0,0.0,0.0,0.0,0.0,0.0,0.0,0.0,0.0,0.0,0.0,0.0,0.0,0.0,0.0,0.0,0.0,0.0,0.0,0.0,0.0,0.0,0.0,0.0,0.0,0.0,0.0,0.0,0.0,0.0,0.0,0.0,0.0,0.0,0.0,0.0,0.0,0.0,0.0,0.0,0.0,0.0,0.0,0.0,0.0,0.0,0.0,0.0,0.0,0.0,0.0,0.0,1.0,1.5,2.5,3.5,4.5,5.5,6.5,7.5,8.5,9.5,10.5,11.5,12.5,13.5,14.5,15.5,16.5,17.5,18.5,19.5,20.5,21.5,22.5,23.5,25.5,27.5,29.5,31.5,33.5,35.5,37.5,39.5,41.5,43.5,45.5,47.5,49.5,52.0,55.0,58.0,61.0,64.0,67.0,70.0,73.0,77.0,81.0,84.0,88.0,92.0,96.0,100.0,105.0,109.5,114.5,119.5,124.5,129.5,135.5,141.5,147.5,153.5,159.5,165.5,172.5,180.0,187.0,195.0,203.0,211.0,219.0,228.0,237.0,246.0,255.0,264.0,273.0,284.0,295.0,307.0,318.0,329.0,341.0,354.0,367.5,380.5,393.0,408.0,423.0,437.0,453.0,469.0,485.0,500.0,518.0,537.0,555.0,574.0,594.0,615.0,637.0,658.0,680.5,704.5,729.5,754.5,780.5,806.5,834.0,861.5,890.5,920.5,951.5,983.5,1014.5,1047.5,1081.0,1117.5,1154.5,1191.5,1232.5,1274.0,1318.0,1363.0,1408.0,1457.5,1508.5,1562.5,1614.5,1672.5,1732.5,1793.5,1856.5,1922.0,1991.5,2063.5,2139.5,2216.5,2297.5,2379.5,2465.0,2557.5,2656.5,2755.0,2860.0,2964.5,3073.0,3195.0,3313.5,3439.0,3571.0,3707.5,3844.5,3984.0,4132.0,4289.5,4453.0,4624.0,4795.0,4973.0,5161.0,5355.5,5558.0,5765.5,5978.0,6201.5,6436.5,6669.5,6918.0,7178.5,7441.5,7713.0,7992.0,8276.0,8559.5,8850.5,9150.0,9460.0,9782.5,10104.0,10440.0,10775.0,11112.5,11466.5,11826.0,12189.5,12563.5,12939.0,13329.0,13725.0,14131.0,14556.0,14989.5,15417.5,15856.5,16310.5,16770.5,17240.0,17717.5,18196.5,18691.5,19189.5,19701.0,20219.5,20746.0,21290.5,21846.0,22408.0,22977.5,23552.0,24145.5,24742.0,25328.0,25925.5,26537.5,27159.0,27776.0,28404.0,29028.5,29662.5,30305.5,30939.0,31583.0,32245.0,32908.5,33576.5,34251.5,34916.0,35583.5,36251.5,36923.0,37583.5,38267.0,38943.5,39614.5,40302.0,40984.5,41673.5,42354.5,43033.0,43720.0,44396.0,45078.0,45760.0,46451.5,47144.5,47850.5,48557.5,49276.0,50001.5,50726.5,51469.5,52207.0,52955.5,53696.0,54441.0,55194.5,55942.0,56698.0,57450.5,58217.5,58968.5,59720.0,60480.0,61246.0,62006.0,62771.5,63530.5,64299.5,65059.0,65821.0,66594.0,67360.5,68112.5,68873.5,69625.5,70374.0,71124.5,71873.0,72622.0,73355.5,74084.5,74812.5,75534.0,76255.5,76969.5,77673.5,78369.0,79065.0,79766.0,80462.5,81139.0,81824.0,82492.0,83161.5,83821.0,84458.0,85106.5,85740.5,86358.0,86958.0,87563.5,88155.0,88737.0,89312.5,89870.5,90422.5,90963.5,91506.5,92031.5,92539.0,93047.5,93542.5,94025.0,94489.5,94964.5,95419.0,95873.0,96317.0,96751.0,97177.5,97600.0,98007.0,98411.0,98798.5,99181.5,99558.5,99934.0,100292.0,100637.0,100972.0,101311.5,101632.0,101957.5,102271.5,102581.0,102890.0,103191.0,103476.0,103754.0,104026.0,104285.0,104540.5,104789.5,105028.5,105257.0,105478.5,105692.0,105903.0,106105.0,106309.5,106504.0,106690.0,106874.0,107056.5,107229.5,107397.0,107562.0,107721.0,107878.5,108028.0,108177.0,108315.0,108455.0,108591.5,108731.0,108862.0,108987.5,109114.5,109237.5,109357.0,109475.0,109592.5,109704.0,109813.5,109923.5,110026.5,110129.0,110228.5,110325.0,110421.5,110511.5,110604.5,110693.5,110781.0,110865.5,110949.0,111030.0,111111.0,111191.5,111268.5,111344.5,111416.0,111484.0,111550.5,111618.0,111683.0,111748.5,111813.0,111874.5,111932.5,111990.0,112047.0,112103.5,112158.5,112212.5,112264.5,112315.5,112365.5,112413.0,112461.5,112508.5,112554.5,112598.0,112641.0,112683.0,112725.0,112765.0,112804.0,112844.5,112882.5,112920.5,112958.5,112994.5,113029.5,113062.0,113093.0,113124.0,113156.0,113187.0,113216.0,113245.0,113274.0,113302.0,113330.0,113357.0,113382.5,113406.5,113432.5,113456.5,113479.5,113502.5,113524.5,113545.5,113567.5,113588.5,113609.5,113628.5,113648.5,113667.0,113685.5,113703.5,113721.0,113738.5,113755.5,113771.5,113786.5,113802.5,113817.5,113832.5,113847.5,113861.5,113874.5,113886.5,113898.5,113910.5,113922.5,113933.5,113944.5,113955.5,113966.5,113976.5,113986.5,113997.5,114006.5,114015.0,114024.0,114033.0,114041.0,114049.0,114056.5,114064.5,114072.5,114080.5,114087.5,114094.5,114101.5,114108.5,114115.5,114121.5,114128.5,114134.5,114140.5,114147.5,114152.5,114158.5,114163.5,114168.5,114174.5,114179.5,114184.5,114189.0,114194.0,114199.0,114204.0,114209.0,114213.0,114217.0,114221.0,114225.0,114229.0,114233.0,114237.0,114241.0,114244.0,114247.0,114250.0,114254.0,114257.0,114260.0,114263.0,114266.0,114269.0,114272.0,114274.0,114277.0,114280.0,114283.0,114286.0,114289.0,114292.0,114295.0,114297.0,114299.0,114301.0,114303.0,114305.0,114307.0,114309.0,114311.0,114313.0,114315.0,114316.0,114318.0,114320.0,114321.0,114323.0,114324.0,114325.0,114326.0,114327.0,114328.0,114329.0,114330.0,114331.0,114332.0,114333.0,114334.0,114335.0,114336.0,114337.0,114338.0,114339.0,114340.0,114341.0,114342.0,114343.0,114344.0,114345.0,114346.0,114347.0,114348.0,114349.0,114350.0,114351.0,114352.0,114353.0,114353.0,114353.0,114354.0,114354.0,114355.0,114355.0,114355.0,114355.0,114355.0,114355.0,114355.0,114355.0,114355.0,114355.0,114355.0,114355.0,114355.0,114355.0,114355.0,114355.0,114355.0,114355.0,114355.0,114355.0,114355.0,114355.0
Kajiado,0.0,0.0,0.0,0.0,1.0,2.0,3.0,4.0,5.0,6.0,8.0,10.0,12.0,14.0,17.0,20.0,23.0,26.0,29.0,32.0,35.0,38.0,42.0,46.0,50.0,54.0,58.0,62.0,66.0,70.0,75.0,80.0,85.0,90.0,95.5,100.5,106.0,112.0,118.0,125.0,132.0,139.0,146.0,153.0,161.0,169.0,177.0,185.0,194.0,203.0,212.0,222.0,232.0,243.0,253.0,264.0,275.0,287.0,299.0,311.0,325.0,338.0,352.0,367.0,382.0,398.0,415.0,431.5,449.0,467.0,486.0,505.0,524.0,545.0,566.0,589.0,611.0,636.0,661.0,686.0,712.5,739.5,766.5,796.5,826.5,857.5,888.5,922.5,958.5,993.5,1029.0,1067.0,1105.0,1147.0,1189.0,1233.5,1278.5,1326.5,1375.5,1426.0,1477.0,1529.0,1584.0,1640.5,1699.0,1760.0,1822.0,1886.0,1955.0,2025.0,2096.0,2171.5,2247.5,2324.5,2410.5,2495.0,2582.5,2671.5,2769.5,2864.5,2961.5,3064.5,3170.0,3282.5,3397.0,3517.5,3639.0,3765.5,3892.0,4031.0,4172.0,4315.0,4464.5,4612.5,4772.5,4936.5,5107.5,5287.0,5467.0,5656.0,5846.0,6049.5,6254.5,6464.5,6687.0,6913.5,7153.5,7406.0,7655.0,7918.0,8189.5,8467.0,8760.0,9047.0,9338.5,9663.0,9995.0,10334.0,10679.0,11043.5,11411.0,11785.0,12189.0,12601.5,13021.0,13439.0,13887.0,14358.5,14832.0,15336.5,15838.5,16367.0,16911.5,17480.5,18068.5,18676.5,19324.5,19992.0,20674.0,21396.5,22158.5,22950.5,23750.0,24600.0,25478.5,26421.5,27360.0,28309.5,29333.5,30388.5,31490.5,32633.0,33843.0,35092.5,36384.0,37710.0,39081.5,40497.0,41985.0,43533.5,45108.5,46786.0,48496.0,50260.0,52066.0,53965.5,55895.5,57939.0,60065.5,62252.0,64539.5,66854.5,69219.0,71745.0,74319.0,76962.0,79695.5,82541.5,85442.5,88399.5,91501.0,94642.5,97851.0,101188.5,104630.0,108085.0,111672.0,115217.5,118848.5,122501.5,126244.5,129989.0,133797.0,137631.5,141479.5,145347.5,149308.0,153303.0,157268.5,161310.0,165396.0,169472.5,173596.5,177723.5,181855.0,186026.0,190146.5,194351.5,198470.5,202618.0,206738.5,210800.0,214896.0,218978.5,223037.0,227087.5,231100.0,235084.0,239033.0,242970.5,246880.5,250776.0,254631.0,258448.5,262246.0,265992.0,269724.0,273407.5,277068.5,280706.5,284311.5,287895.5,291439.0,294983.0,298462.0,301905.0,305309.0,308699.5,312032.0,315331.5,318594.0,321824.0,325005.5,328171.0,331283.0,334386.0,337439.0,340436.5,343378.0,346288.5,349158.5,351951.5,354720.5,357440.5,360119.0,362735.5,365341.0,367878.0,370409.5,372880.0,375311.0,377744.5,380151.0,382482.0,384866.5,387153.5,389448.5,391686.0,393891.0,396059.0,398177.0,400258.0,402318.5,404341.5,406314.5,408280.0,410176.0,412069.0,413926.0,415756.0,417527.5,419282.0,421018.0,422712.5,424363.5,425988.5,427600.5,429156.5,430684.0,432169.5,433629.0,435092.0,436516.5,437888.5,439270.5,440619.0,441936.5,443222.5,444509.5,445729.0,446932.5,448096.0,449261.0,450402.0,451516.5,452594.5,453652.0,454698.0,455718.0,456742.0,457724.5,458704.5,459642.0,460555.0,461427.0,462304.5,463180.5,464014.5,464848.0,465646.0,466441.0,467224.0,468009.5,468760.5,469505.0,470228.5,470931.0,471604.0,472285.0,472960.0,473614.5,474256.5,474880.0,475493.5,476085.5,476683.5,477262.0,477829.5,478399.0,478949.0,479484.5,480016.0,480539.5,481046.5,481566.0,482060.0,482539.0,483011.0,483469.0,483936.0,484386.5,484834.0,485271.5,485686.0,486104.5,486504.0,486902.0,487290.0,487661.5,488034.0,488384.5,488744.5,489097.0,489426.5,489748.5,490066.0,490369.0,490680.0,490981.0,491278.5,491557.5,491834.0,492104.5,492368.5,492623.5,492873.0,493127.5,493366.5,493602.0,493839.0,494069.0,494297.0,494525.0,494748.5,494964.0,495184.5,495397.0,495599.5,495799.5,496004.0,496195.5,496383.5,496574.5,496764.0,496947.5,497120.5,497294.5,497466.5,497633.5,497798.0,497962.0,498127.5,498286.5,498448.0,498605.0,498756.0,498904.5,499048.5,499192.0,499334.0,499469.0,499609.0,499736.5,499864.5,499994.5,500120.5,500242.5,500362.0,500479.0,500596.5,500715.0,500830.0,500938.0,501048.0,501155.5,501258.0,501361.5,501464.5,501564.0,501660.0,501755.0,501849.0,501940.0,502029.0,502116.5,502203.5,502291.5,502378.5,502460.5,502541.0,502620.5,502700.5,502778.0,502855.5,502930.5,503003.0,503073.5,503142.5,503211.5,503280.5,503346.5,503410.0,503474.5,503538.0,503599.0,503656.5,503715.0,503772.0,503829.0,503887.0,503942.0,503998.0,504050.0,504103.0,504154.0,504204.0,504254.5,504302.5,504350.5,504396.5,504442.0,504486.0,504531.0,504574.5,504616.5,504658.5,504697.5,504737.5,504773.5,504809.5,504846.5,504880.5,504915.5,504946.5,504980.5,505012.5,505043.5,505072.5,505102.0,505130.5,505158.5,505185.0,505210.0,505235.5,505260.5,505285.5,505310.5,505334.5,505356.5,505379.5,505401.5,505423.5,505444.5,505465.5,505486.5,505506.5,505526.5,505545.5,505564.5,505583.5,505602.5,505620.5,505638.5,505656.5,505673.5,505691.5,505708.5,505724.5,505740.5,505756.5,505771.5,505787.0,505802.0,505817.0,505831.0,505845.0,505859.0,505872.0,505886.0,505900.0,505913.0,505926.0,505939.0,505951.0,505963.0,505975.0,505987.0,505998.0,506009.0,506020.0,506031.0,506041.0,506051.0,506061.0,506071.0,506080.0,506089.0,506098.5,506107.5,506116.5,506125.5,506133.5,506141.5,506149.5,506156.5,506163.5,506170.5,506177.5,506184.5,506191.5,506197.5,506204.5,506210.5,506216.5,506222.5,506228.5,506234.5,506240.5,506245.5,506250.5,506255.5,506260.5,506265.5,506270.5,506274.5,506278.5,506282.5,506287.5,506291.5,506295.5,506299.5,506303.5,506307.5,506311.5,506315.5,506319.5,506323.0,506327.0,506330.5,506334.0,506337.0,506340.0,506343.0,506346.0,506349.0,506352.0,506355.0,506358.0,506361.0,506364.0,506366.0,506369.0,506372.0,506374.0,506376.0,506378.0,506380.0,506382.0,506384.0,506386.0,506388.0,506390.0,506392.0,506394.0,506396.0,506398.0,506400.0,506402.0
Kakamega,0.0,0.0,0.0,0.0,0.0,0.0,0.0,0.0,0.0,0.0,0.0,0.0,0.0,0.0,0.0,0.0,0.0,0.0,0.0,0.0,0.0,0.0,0.0,0.0,0.0,0.0,0.0,0.0,0.0,0.0,0.0,0.0,0.0,0.0,0.0,0.0,0.0,0.0,0.0,0.0,0.0,0.0,0.0,0.0,0.0,0.0,0.0,0.0,0.0,0.0,1.0,1.5,2.5,2.5,3.5,4.5,5.5,6.5,7.5,8.5,9.5,10.5,11.5,12.5,13.5,14.5,15.5,16.5,17.5,18.5,19.5,20.5,21.5,22.5,23.5,24.5,25.5,26.5,28.5,30.5,31.5,32.5,34.5,35.5,37.5,39.5,41.5,43.5,45.5,47.5,49.5,51.5,53.5,55.5,57.5,60.5,62.5,65.5,68.5,71.5,74.5,77.5,80.5,83.5,87.5,90.5,93.5,97.5,101.5,105.5,109.5,113.5,118.5,122.5,127.5,132.0,137.0,142.0,147.0,152.5,158.5,163.5,169.5,175.5,181.5,188.0,194.0,201.0,208.0,215.0,222.0,229.0,237.0,245.0,253.0,261.0,270.0,279.0,288.0,297.0,307.0,317.0,327.5,338.5,349.5,360.5,371.5,383.5,395.5,408.5,421.5,434.5,448.5,462.5,476.5,491.5,507.5,523.5,540.5,557.5,574.5,591.5,609.5,628.5,649.5,669.5,689.5,709.5,730.5,751.5,774.5,798.5,822.5,847.5,873.5,900.5,928.5,957.5,987.5,1018.5,1051.5,1084.5,1119.5,1156.5,1192.5,1231.5,1273.0,1314.0,1357.0,1401.5,1448.5,1497.5,1546.0,1598.0,1651.0,1706.5,1765.5,1827.0,1889.5,1955.5,2022.0,2090.5,2161.0,2237.5,2312.5,2393.5,2478.5,2563.0,2655.0,2747.0,2843.5,2939.5,3041.5,3149.5,3260.5,3381.5,3500.5,3624.0,3750.5,3880.5,4017.0,4156.0,4304.0,4449.5,4607.5,4766.5,4932.0,5095.0,5261.5,5434.0,5616.5,5805.0,5996.0,6186.5,6390.0,6592.5,6798.0,7009.0,7231.0,7460.0,7689.0,7934.0,8180.0,8428.5,8684.0,8951.5,9219.0,9495.0,9778.5,10067.0,10363.0,10666.5,10979.0,11300.0,11632.0,11965.5,12308.0,12665.5,13037.5,13407.5,13788.0,14176.0,14581.0,14992.0,15421.0,15847.5,16280.5,16743.5,17219.0,17693.0,18166.5,18652.0,19153.5,19671.0,20206.5,20747.5,21301.0,21881.0,22463.0,23048.5,23649.5,24268.5,24893.0,25532.0,26191.0,26861.0,27539.0,28233.0,28953.5,29684.5,30439.0,31199.0,31951.0,32732.0,33557.5,34390.5,35247.5,36088.0,36972.0,37883.5,38834.5,39818.0,40830.5,41865.5,42922.0,44004.5,45103.0,46250.5,47420.5,48627.0,49878.0,51200.0,52537.5,53902.0,55290.0,56734.0,58207.5,59683.0,61253.5,62838.5,64478.5,66158.0,67870.0,69610.0,71409.0,73242.5,75115.5,77054.5,79012.0,81018.0,83081.0,85186.0,87351.5,89531.5,91806.0,94105.0,96431.0,98816.5,101286.0,103789.0,106343.0,108966.0,111613.0,114334.0,117112.5,119927.5,122808.5,125693.5,128635.0,131625.0,134725.5,137804.0,141042.5,144287.0,147575.0,150928.0,154298.5,157696.5,161171.0,164682.5,168285.5,171932.5,175656.5,179379.0,183149.5,186971.5,190856.0,194749.0,198700.0,202664.0,206717.5,210810.0,214997.0,219154.0,223349.5,227593.0,231857.0,236123.5,240412.5,244716.5,249052.0,253382.0,257774.0,262197.5,266604.5,271039.5,275462.0,279893.0,284380.0,288833.5,293292.5,297779.5,302224.5,306632.5,311017.0,315337.5,319612.0,323832.0,328001.0,332117.5,336148.5,340164.5,344119.0,348050.5,351945.0,355790.5,359593.0,363353.5,367053.5,370721.5,374343.0,377904.5,381456.5,384974.5,388423.5,391847.0,395205.5,398541.5,401889.0,405238.5,408578.0,411924.5,415265.0,418576.5,421883.0,425169.5,428410.0,431634.0,434833.0,438037.5,441232.0,444393.0,447522.0,450622.0,453715.0,456760.0,459783.5,462791.0,465772.5,468722.0,471621.0,474490.5,477333.0,480131.0,482918.5,485650.5,488375.5,491052.5,493675.0,496265.5,498835.5,501325.5,503805.0,506256.0,508654.5,511035.5,513353.0,515650.0,517924.5,520136.5,522296.5,524460.5,526561.0,528632.5,530675.0,532694.0,534668.5,536611.0,538531.5,540430.0,542282.0,544069.0,545829.0,547558.0,549280.0,550947.5,552620.5,554246.5,555827.0,557340.0,558896.0,560361.5,561856.0,563313.0,564713.0,566096.5,567444.5,568791.5,570094.0,571385.5,572623.0,573834.5,575051.0,576215.0,577365.5,578503.0,579625.5,580712.0,581764.0,582803.0,583821.5,584829.5,585782.5,586756.0,587693.0,588595.0,589482.0,590358.5,591214.0,592046.5,592880.0,593681.0,594476.0,595231.0,595970.5,596691.5,597381.5,598048.5,598696.0,599337.0,599947.0,600568.0,601148.5,601711.5,602253.0,602784.5,603298.0,603795.5,604280.5,604753.5,605215.5,605673.0,606114.0,606537.5,606954.0,607363.5,607758.0,608144.0,608520.0,608899.5,609264.0,609619.0,609964.5,610308.5,610645.0,610975.5,611294.0,611604.0,611911.0,612213.0,612503.5,612798.5,613075.5,613353.5,613617.0,613871.0,614129.0,614379.0,614620.0,614853.0,615083.0,615300.0,615518.5,615737.5,615953.0,616167.0,616367.0,616561.0,616751.0,616937.5,617118.0,617300.5,617471.0,617635.5,617802.0,617964.0,618122.5,618278.5,618426.5,618581.5,618727.5,618869.0,619006.5,619137.0,619270.0,619398.5,619524.5,619647.5,619763.5,619882.0,619994.0,620106.5,620217.5,620321.0,620420.0,620515.5,620609.0,620699.0,620786.5,620871.0,620952.0,621032.0,621109.5,621185.5,621261.0,621331.0,621402.0,621469.0,621536.0,621598.5,621663.0,621722.0,621782.0,621841.0,621897.5,621950.0,622001.0,622053.0,622101.5,622149.0,622195.0,622240.0,622284.0,622325.5,622366.0,622405.0,622444.0,622480.5,622515.5,622552.5,622587.0,622621.0,622654.0,622685.0,622715.0,622745.0,622773.0,622802.0,622827.5,622854.5,622880.5,622905.5,622930.0,622953.0,622976.0,622997.0,623018.0,623039.0,623058.5,623078.5,623097.0,623115.0,623133.0,623150.5,623168.5,623185.0,623200.5,623215.5
Kericho,0.0,0.0,0.0,0.0,0.0,0.0,0.0,0.0,0.0,0.0,0.0,0.0,0.0,0.0,0.0,0.0,0.0,0.0,0.0,0.0,0.0,0.0,0.0,0.0,0.0,0.0,0.0,0.0,0.0,0.0,0.0,0.0,0.0,0.0,0.0,0.0,0.0,0.0,0.0,0.0,0.0,0.0,0.0,1.0,1.5,2.5,3.5,4.5,5.5,6.5,7.5,8.5,9.5,10.5,11.5,12.5,13.5,14.5,15.5,16.5,17.5,18.5,19.5,20.5,21.5,22.5,23.5,24.5,26.5,27.5,28.5,29.5,30.5,32.5,33.5,35.5,37.5,39.5,41.5,43.5,45.5,47.5,49.5,51.5,53.5,55.5,57.5,59.5,61.5,64.5,66.5,69.5,72.5,75.5,78.5,81.5,84.5,87.5,90.5,93.5,97.5,101.5,105.5,109.5,113.5,117.5,121.5,126.5,130.5,135.5,139.5,144.5,149.5,154.5,159.5,165.5,171.5,177.5,183.5,189.5,196.5,202.5,209.5,217.5,225.0,233.0,241.0,249.0,257.0,266.0,275.0,284.0,294.0,304.0,314.0,324.0,334.0,345.0,356.5,367.5,379.5,391.5,404.0,416.5,430.0,444.0,458.0,473.0,488.0,504.0,520.0,536.0,553.0,569.0,586.0,604.0,623.0,642.0,662.0,682.5,704.0,725.5,748.0,770.5,794.0,818.0,842.0,867.0,894.0,922.0,949.5,979.5,1006.5,1036.5,1068.5,1101.5,1136.5,1171.5,1209.5,1247.5,1287.5,1329.5,1371.5,1415.5,1461.5,1509.0,1560.5,1613.5,1667.0,1722.0,1780.0,1838.0,1900.5,1964.5,2032.0,2099.5,2173.0,2249.0,2327.5,2407.0,2490.5,2576.5,2665.5,2757.5,2855.0,2955.5,3059.0,3166.5,3274.5,3386.5,3502.5,3623.0,3753.0,3888.0,4026.0,4168.5,4316.5,4466.5,4623.5,4787.5,4959.0,5136.0,5321.5,5510.5,5705.5,5912.5,6124.5,6337.5,6556.0,6780.5,7008.0,7245.5,7483.0,7729.5,7980.0,8234.0,8495.0,8770.0,9043.0,9325.0,9623.5,9920.0,10224.0,10539.5,10868.5,11194.5,11531.5,11884.5,12242.0,12615.5,12994.0,13372.0,13758.5,14155.5,14576.5,15007.0,15429.0,15860.5,16308.5,16767.5,17234.5,17726.5,18217.5,18722.0,19231.0,19750.0,20296.5,20855.0,21412.5,21983.5,22571.0,23176.0,23791.0,24415.0,25053.5,25709.5,26385.5,27070.0,27756.0,28443.0,29160.0,29894.0,30628.0,31389.0,32161.5,32945.5,33739.0,34544.0,35371.0,36225.5,37084.0,37950.5,38844.0,39735.5,40643.5,41578.0,42522.0,43484.5,44465.0,45460.5,46490.5,47516.5,48606.0,49725.0,50841.0,51989.5,53188.0,54405.5,55672.5,56901.0,58181.0,59499.0,60845.5,62229.5,63606.0,65008.0,66454.0,67930.0,69449.5,70959.0,72502.0,74079.0,75653.0,77277.5,78890.5,80582.0,82262.5,83976.0,85702.0,87468.0,89242.5,91060.0,92909.5,94767.5,96687.0,98620.5,100545.0,102486.0,104463.5,106462.5,108485.0,110486.5,112535.5,114606.5,116674.5,118768.0,120873.5,122990.0,125122.0,127288.5,129424.0,131585.0,133768.5,135948.0,138103.0,140307.0,142516.5,144700.0,146901.5,149097.0,151300.5,153502.5,155677.5,157860.5,160037.0,162230.5,164407.0,166574.0,168730.0,170888.0,173041.0,175177.0,177305.0,179422.0,181537.0,183636.5,185728.5,187802.0,189890.0,191946.0,194016.0,196065.5,198091.5,200124.5,202150.5,204170.5,206156.0,208143.0,210122.5,212090.5,214041.5,215973.0,217878.5,219784.5,221659.0,223492.5,225281.0,227058.0,228780.5,230478.0,232139.5,233787.0,235396.0,236986.5,238549.0,240081.5,241591.5,243076.5,244545.5,245954.5,247355.5,248731.5,250065.5,251380.5,252658.0,253941.5,255181.0,256395.5,257596.0,258791.5,259962.5,261134.0,262271.0,263398.0,264501.0,265585.0,266662.0,267718.0,268746.0,269775.0,270773.0,271771.0,272751.5,273700.0,274632.5,275547.5,276450.0,277332.0,278216.5,279070.5,279904.0,280739.0,281559.0,282365.0,283160.5,283941.5,284713.5,285464.0,286175.0,286898.5,287607.0,288291.0,288968.5,289647.5,290292.5,290938.0,291579.0,292209.0,292820.5,293404.5,293978.0,294554.0,295108.5,295641.5,296175.5,296698.5,297222.5,297720.5,298215.5,298705.0,299185.5,299648.5,300104.0,300554.5,300990.5,301414.5,301834.5,302243.5,302649.0,303053.0,303439.0,303819.0,304184.5,304539.5,304894.0,305240.0,305585.5,305919.0,306251.5,306574.5,306883.5,307190.5,307487.5,307787.5,308079.0,308356.5,308636.5,308903.0,309166.5,309417.0,309669.5,309914.0,310156.0,310389.0,310623.0,310849.0,311067.5,311286.5,311499.5,311704.5,311904.0,312101.5,312298.5,312490.5,312672.0,312850.5,313018.5,313185.0,313349.5,313509.5,313661.5,313806.0,313952.5,314090.0,314227.5,314363.5,314491.0,314617.0,314741.0,314858.0,314973.5,315084.0,315194.5,315303.0,315408.0,315511.5,315609.0,315703.0,315795.5,315890.0,315979.5,316068.5,316156.0,316241.5,316325.5,316410.5,316489.5,316570.0,316647.0,316719.5,316796.0,316866.5,316936.5,317004.5,317070.5,317136.0,317203.0,317268.0,317330.0,317393.0,317453.0,317509.0,317569.0,317624.5,317677.5,317727.5,317779.5,317828.5,317876.5,317924.5,317971.5,318018.5,318062.5,318105.5,318147.5,318191.5,318231.5,318271.5,318311.0,318349.5,318386.5,318424.5,318459.0,318494.0,318527.5,318560.5,318594.5,318626.5,318657.5,318685.5,318715.5,318743.0,318771.0,318797.0,318822.0,318848.0,318871.0,318894.0,318917.0,318940.0,318961.5,318982.5,319003.5,319022.5,319043.5,319062.0,319081.0,319099.0,319116.0,319134.0,319151.0,319166.0,319182.0,319197.5,319213.0,319227.0,319241.0,319256.0,319269.0,319282.5,319295.5,319308.5,319320.5,319332.5,319344.0,319355.5,319366.5,319377.5,319388.5,319398.5,319407.5,319416.5,319425.5,319434.0,319442.0,319451.0,319459.0,319467.0,319474.0,319481.0,319488.0,319495.0,319501.0,319508.0,319514.0,319520.0,319526.0,319532.0,319538.0,319544.0,319549.0,319554.5,319560.0,319565.0,319569.0,319573.0,319577.0,319581.0
Kiambu,0.0,1.0,4.0,10.0,19.0,30.0,42.0,55.0,71.0,88.0,105.0,123.0,141.0,161.0,181.0,202.0,224.0,245.0,265.0,286.0,306.0,326.0,346.5,366.5,386.5,406.5,426.5,445.5,464.5,482.5,499.5,517.5,534.5,552.5,569.5,586.5,603.5,620.5,637.5,653.5,670.5,687.0,704.0,720.5,736.5,752.5,768.5,784.5,800.5,815.5,830.5,845.5,860.5,876.0,891.0,907.0,922.0,938.0,954.0,970.0,985.0,1000.5,1015.5,1031.5,1047.5,1063.5,1079.0,1095.0,1111.0,1127.0,1143.0,1159.0,1176.0,1192.0,1208.0,1223.0,1239.0,1255.0,1271.0,1288.0,1305.0,1321.0,1337.0,1354.0,1371.0,1388.0,1406.0,1424.0,1442.0,1460.0,1478.0,1496.0,1515.0,1532.0,1551.0,1569.5,1588.0,1608.0,1627.0,1647.0,1667.0,1687.0,1709.0,1729.0,1749.0,1769.0,1790.0,1811.0,1832.0,1853.5,1876.5,1899.5,1921.5,1945.0,1968.5,1992.5,2017.5,2041.5,2066.5,2092.5,2116.5,2142.5,2168.5,2194.5,2220.5,2248.5,2275.5,2304.5,2333.5,2361.5,2390.5,2420.5,2450.5,2481.5,2514.0,2548.0,2580.0,2614.0,2648.0,2682.5,2719.5,2755.5,2792.5,2829.5,2868.5,2906.5,2945.5,2986.5,3028.5,3070.5,3113.5,3156.5,3202.5,3247.0,3292.0,3339.0,3387.5,3436.5,3486.5,3538.5,3591.5,3644.5,3698.5,3754.5,3810.5,3869.0,3928.0,3987.0,4049.0,4112.0,4175.0,4240.0,4308.5,4378.5,4449.0,4521.5,4597.0,4676.0,4758.0,4841.0,4927.0,5015.5,5105.0,5200.0,5295.5,5391.0,5492.0,5594.5,5701.0,5811.0,5925.0,6042.5,6160.0,6287.0,6414.0,6545.5,6679.5,6815.5,6960.0,7114.0,7266.0,7427.5,7593.5,7759.5,7934.0,8110.0,8291.5,8488.5,8687.5,8891.5,9105.5,9310.5,9525.5,9753.0,9988.5,10227.0,10480.5,10727.0,10989.5,11264.0,11536.0,11821.0,12117.0,12417.5,12733.0,13059.5,13390.0,13721.5,14066.0,14420.0,14775.0,15144.5,15523.5,15912.5,16305.0,16711.0,17122.0,17544.0,17980.5,18420.5,18871.0,19335.5,19809.5,20289.0,20782.0,21286.5,21798.5,22321.0,22858.5,23408.0,23960.5,24538.5,25108.0,25707.0,26310.0,26925.5,27548.0,28191.5,28835.5,29493.0,30172.5,30866.0,31564.0,32270.0,33001.5,33731.0,34475.0,35250.0,36021.0,36793.0,37582.0,38385.0,39213.5,40053.0,40892.5,41735.0,42604.5,43488.0,44379.0,45296.0,46201.5,47126.0,48056.5,48997.5,49942.0,50923.5,51921.5,52910.5,53911.0,54935.0,55966.5,57006.5,58067.0,59140.5,60220.0,61290.5,62386.5,63505.0,64632.0,65763.0,66908.5,68092.5,69289.5,70502.5,71737.0,72990.5,74258.0,75546.0,76857.5,78186.0,79525.0,80885.5,82266.0,83663.0,85065.0,86486.5,87930.0,89380.5,90825.5,92311.0,93822.0,95340.0,96871.0,98399.5,99961.0,101525.0,103128.5,104741.5,106347.0,107985.5,109619.0,111278.0,112959.0,114636.0,116365.0,118079.5,119815.0,121556.0,123326.5,125080.0,126830.0,128612.0,130416.5,132236.0,134048.5,135863.0,137709.0,139568.0,141419.0,143289.0,145184.0,147082.5,148978.5,150905.0,152821.5,154768.5,156691.5,158625.0,160567.5,162508.0,164474.0,166426.5,168376.5,170336.5,172309.0,174268.0,176252.5,178236.0,180224.0,182228.5,184220.5,186197.5,188166.5,190138.5,192127.0,194099.0,196075.5,198049.5,200020.0,201974.0,203939.0,205892.0,207839.5,209792.0,211729.5,213663.0,215590.5,217508.0,219416.5,221325.0,223213.0,225096.5,226976.0,228860.5,230717.5,232540.0,234340.0,236117.5,237869.0,239612.5,241314.0,242997.5,244666.5,246310.5,247940.0,249553.0,251149.5,252716.0,254279.0,255812.0,257326.5,258828.5,260310.0,261777.5,263240.0,264670.5,266079.0,267472.5,268862.5,270251.0,271631.0,273012.0,274393.5,275757.5,277110.5,278458.0,279796.5,281118.5,282435.0,283740.5,285042.0,286331.0,287610.0,288876.0,290132.0,291375.5,292613.5,293839.5,295058.5,296261.5,297450.5,298634.0,299813.0,300970.0,302120.0,303255.0,304390.0,305514.0,306623.0,307723.0,308815.0,309885.0,310947.5,311998.0,313035.0,314059.0,315081.0,316095.5,317093.0,318087.5,319061.0,320037.0,321004.5,321950.5,322878.5,323790.5,324697.0,325598.5,326490.5,327365.5,328235.0,329089.0,329934.0,330783.5,331617.0,332448.5,333260.5,334063.5,334849.0,335633.0,336402.5,337162.5,337916.5,338662.0,339395.5,340118.0,340828.0,341536.0,342228.0,342914.0,343584.5,344256.0,344904.5,345543.5,346167.5,346797.0,347420.0,348031.5,348629.5,349211.5,349798.0,350372.0,350937.0,351502.0,352060.5,352603.5,353144.5,353671.0,354191.5,354702.5,355206.0,355704.5,356198.5,356673.0,357144.5,357601.5,358052.0,358498.5,358931.0,359348.0,359754.5,360160.0,360554.0,360941.5,361324.0,361697.0,362058.5,362415.5,362764.0,363098.5,363430.0,363756.0,364076.0,364391.5,364697.5,364999.0,365285.5,365579.0,365867.0,366148.0,366428.5,366699.5,366972.0,367234.0,367494.0,367752.5,368010.0,368262.5,368509.0,368755.0,368989.5,369221.0,369449.5,369679.5,369901.0,370122.5,370339.0,370552.5,370762.5,370969.5,371172.0,371367.5,371566.0,371762.5,371954.0,372138.5,372319.0,372502.0,372680.0,372858.5,373030.0,373201.0,373372.5,373532.0,373692.0,373849.5,374003.5,374158.5,374308.0,374452.0,374600.5,374743.5,374879.5,375012.5,375147.0,375284.5,375414.0,375539.0,375666.0,375789.5,375911.0,376030.0,376149.0,376261.0,376369.5,376476.5,376579.5,376683.5,376781.5,376880.0,376976.0,377067.0,377157.0,377246.5,377334.5,377421.0,377503.5,377583.0,377660.0,377736.5,377814.5,377886.0,377958.0,378029.0,378096.0,378164.0,378229.5,378295.5,378359.0,378421.0,378481.5,378539.5,378598.5,378654.5,378708.5,378761.5,378811.5,378862.5,378912.5,378962.5,379010.5,379057.5,379102.0,379145.0,379187.5,379228.5,379270.0,379311.0,379351.0,379389.0,379426.0,379463.0,379500.0,379536.0,379570.0,379604.0,379636.5,379669.5,379701.5,379732.5,379762.5,379792.5,379821.5,379851.5,379879.5,379907.5,379935.5,379961.5
Kilifi,0.0,0.0,2.0,5.0,10.0,16.0,24.0,32.0,42.0,53.0,65.0,78.0,92.0,108.0,126.0,145.0,165.0,184.0,203.0,223.0,244.0,266.0,288.0,311.0,335.0,359.0,383.0,410.0,436.5,463.5,491.5,519.5,549.0,580.0,612.0,645.0,678.5,713.5,748.5,784.5,822.5,861.5,899.5,939.5,982.0,1026.0,1072.0,1119.0,1166.0,1216.0,1266.0,1319.0,1373.0,1429.0,1485.0,1544.0,1606.0,1669.0,1735.0,1803.0,1873.0,1944.0,2019.0,2095.0,2173.0,2254.0,2339.0,2425.0,2514.5,2604.5,2699.5,2796.5,2897.0,3000.5,3108.0,3217.0,3331.0,3448.0,3571.0,3698.5,3828.0,3957.5,4098.5,4242.0,4387.5,4539.5,4690.0,4853.5,5017.0,5189.5,5363.5,5541.0,5728.0,5923.5,6118.0,6322.5,6534.5,6752.5,6979.0,7208.0,7448.0,7696.5,7953.0,8214.0,8477.5,8754.5,9034.0,9331.5,9629.0,9949.5,10263.5,10591.5,10931.5,11281.0,11640.5,12010.0,12385.5,12771.5,13176.0,13587.0,14005.5,14447.5,14895.0,15354.0,15829.5,16324.0,16838.0,17354.5,17887.5,18441.0,19012.5,19598.5,20197.0,20813.5,21447.5,22114.0,22783.5,23480.5,24199.5,24943.5,25698.0,26471.0,27273.0,28100.5,28953.5,29816.5,30706.5,31616.0,32565.5,33517.5,34512.0,35542.5,36595.0,37659.5,38764.5,39909.5,41095.5,42295.5,43538.5,44807.5,46094.5,47440.0,48822.5,50235.5,51674.5,53163.5,54668.0,56227.0,57808.0,59420.5,61088.0,62792.5,64538.0,66384.0,68249.5,70204.0,72210.0,74308.0,76444.0,78694.5,81001.0,83373.0,85815.0,88349.5,90952.5,93659.5,96418.0,99253.5,102175.0,105182.0,108256.5,111436.0,114713.0,118075.5,121492.5,125018.5,128613.5,132376.5,136143.5,140026.0,144060.0,148162.5,152313.0,156554.5,160922.0,165395.0,169937.5,174552.0,179262.5,184083.5,189016.0,194009.5,199065.0,204209.0,209463.5,214781.0,220181.0,225636.0,231154.5,236737.0,242407.0,248102.0,253880.5,259751.5,265592.0,271507.0,277426.0,283285.5,289098.0,294863.5,300569.0,306267.0,311909.5,317477.0,323045.5,328554.5,334015.5,339425.0,344786.5,350076.0,355285.5,360453.5,365570.0,370618.5,375605.0,380527.0,385406.5,390229.5,394969.0,399658.5,404290.5,408865.0,413386.5,417845.5,422219.5,426564.0,430843.5,435035.5,439198.0,443308.0,447359.5,451343.0,455239.5,459077.0,462888.5,466622.0,470277.5,473892.5,477421.0,480880.0,484265.0,487586.0,490844.0,494005.0,497098.5,500119.5,503112.0,506013.5,508838.5,511609.0,514286.5,516903.5,519488.5,522011.5,524488.0,526872.0,529192.5,531467.0,533692.0,535847.5,537949.5,539975.0,541965.5,543877.5,545773.0,547601.0,549398.0,551172.0,552870.0,554537.5,556170.0,557796.5,559355.0,560919.5,562417.0,563911.0,565352.5,566755.0,568138.0,569502.5,570836.0,572121.0,573409.0,574644.0,575858.0,577026.5,578195.0,579325.5,580442.0,581494.0,582556.5,583597.0,584604.5,585585.0,586553.5,587518.0,588434.5,589323.5,590188.5,591039.0,591868.0,592678.0,593490.5,594253.0,595013.5,595755.0,596490.0,597203.5,597893.0,598556.0,599204.0,599838.5,600461.5,601069.0,601663.5,602249.0,602801.0,603348.0,603890.5,604406.0,604912.0,605410.0,605896.0,606375.5,606841.5,607295.5,607733.0,608167.0,608592.5,608994.0,609391.0,609779.5,610159.5,610529.5,610890.0,611243.0,611586.0,611929.0,612260.0,612578.5,612885.0,613192.5,613489.5,613773.0,614057.5,614332.0,614608.0,614875.0,615133.0,615386.5,615632.0,615870.0,616103.0,616333.0,616562.0,616777.5,616992.0,617206.0,617410.5,617609.5,617805.5,618001.0,618191.5,618377.0,618555.0,618726.0,618892.5,619058.5,619215.0,619371.5,619523.0,619664.0,619803.5,619936.0,620069.5,620199.5,620325.5,620449.5,620567.5,620683.5,620795.5,620905.0,621011.0,621114.5,621214.0,621312.5,621408.5,621502.5,621594.5,621685.0,621773.5,621860.5,621944.5,622030.5,622112.5,622194.0,622272.5,622346.5,622421.0,622495.5,622566.5,622637.5,622707.0,622775.5,622839.0,622904.5,622967.5,623031.5,623096.5,623158.0,623218.5,623277.5,623334.0,623389.5,623444.0,623498.5,623551.0,623601.0,623652.0,623703.5,623752.0,623801.5,623849.5,623896.5,623943.5,623989.5,624034.0,624080.0,624124.0,624167.0,624208.0,624251.0,624291.0,624331.0,624368.0,624407.0,624443.5,624481.5,624518.5,624555.5,624591.5,624627.5,624661.5,624695.5,624729.0,624761.5,624793.5,624825.0,624856.0,624887.0,624916.5,624946.5,624976.5,625005.5,625033.5,625061.0,625089.0,625116.0,625141.0,625167.0,625192.0,625216.0,625241.5,625266.5,625290.5,625315.5,625338.5,625361.0,625383.0,625406.5,625428.5,625449.5,625470.5,625490.5,625510.5,625529.5,625547.5,625567.5,625586.5,625605.5,625623.0,625640.0,625658.0,625676.0,625692.0,625709.0,625725.0,625740.0,625755.0,625770.0,625784.0,625798.0,625812.0,625826.0,625839.0,625853.0,625866.5,625878.5,625890.5,625901.5,625913.5,625924.5,625935.5,625946.5,625957.5,625967.5,625977.5,625987.5,625997.5,626007.5,626017.5,626027.5,626037.5,626047.5,626057.5,626066.5,626075.5,626084.5,626093.5,626101.5,626110.5,626118.5,626126.5,626134.5,626141.5,626149.5,626157.5,626164.5,626171.5,626178.5,626185.5,626193.5,626200.5,626207.5,626214.5,626220.5,626227.5,626233.5,626240.5,626246.5,626252.5,626258.5,626264.5,626270.5,626276.5,626282.5,626288.5,626294.5,626299.5,626304.5,626309.5,626314.5,626319.5,626324.5,626329.5,626334.5,626339.0,626344.0,626349.0,626354.0,626358.0,626362.0,626366.0,626370.0,626374.0,626378.0,626382.0,626386.0,626390.0,626393.0,626396.0,626399.0,626403.0,626406.0,626409.0,626412.0,626415.0,626418.0,626421.0,626424.0,626427.0,626430.0,626433.0,626435.5,626438.5,626440.5,626442.5,626444.5,626446.5,626449.5,626451.5,626453.5,626455.5,626457.5,626459.5,626461.5,626463.5,626465.5,626467.5,626469.5,626471.5,626473.5,626475.5,626477.5,626479.5,626480.5,626482.5,626484.0,626485.0,626487.0,626488.0,626490.0,626491.0,626492.0,626493.0,626494.0,626495.0,626496.0,626497.0,626498.0,626499.0,626500.0,626501.0,626502.0,626503.0,626504.0,626505.0,626506.0
Kirinyaga,0.0,0.0,0.0,0.0,0.0,0.0,0.0,0.0,0.0,0.0,0.0,0.0,0.0,0.0,0.0,1.0,2.0,3.0,4.0,5.0,6.0,7.0,8.0,9.0,10.0,11.0,12.0,13.0,14.0,15.0,16.0,17.0,18.0,19.0,20.0,21.0,22.0,23.0,24.0,25.0,26.0,27.0,28.0,29.0,30.0,32.0,34.0,36.0,37.0,39.0,40.0,41.5,43.5,45.5,47.5,49.5,51.5,53.5,55.5,57.5,59.5,61.5,63.5,65.5,67.5,69.5,71.5,73.5,75.5,78.5,80.5,83.5,86.5,89.5,92.5,95.5,98.5,101.5,104.5,107.5,110.5,113.5,117.5,120.5,124.5,127.5,131.5,135.5,139.5,143.5,148.5,152.5,156.5,161.5,165.5,170.5,175.5,180.5,186.5,191.5,196.5,201.5,207.0,213.0,219.0,225.0,231.0,237.0,244.0,250.0,257.0,264.0,271.0,278.0,285.0,293.0,301.0,309.0,317.0,325.0,334.0,343.0,352.0,361.0,371.0,381.0,392.0,403.5,413.5,424.5,435.5,446.5,457.5,469.5,481.5,494.5,506.5,519.5,532.5,545.5,560.5,575.5,590.5,605.5,621.5,637.5,653.5,671.5,688.5,706.5,724.5,743.5,762.5,781.5,800.5,821.5,841.5,863.5,885.5,907.5,931.0,955.0,979.5,1004.5,1030.5,1055.5,1082.5,1109.0,1137.0,1166.0,1197.0,1227.0,1258.0,1290.0,1324.0,1358.0,1393.0,1431.0,1471.0,1511.0,1552.0,1595.0,1638.0,1683.5,1731.5,1779.0,1830.0,1884.0,1937.0,1994.0,2051.5,2109.0,2168.5,2227.5,2291.0,2354.5,2420.0,2490.0,2563.0,2641.0,2717.0,2798.5,2881.5,2970.5,3059.0,3149.0,3243.5,3343.0,3443.5,3550.5,3659.5,3768.0,3884.0,4006.0,4127.5,4251.5,4380.5,4517.0,4649.5,4786.0,4934.5,5090.5,5247.0,5411.0,5578.0,5750.0,5927.0,6106.5,6293.0,6479.5,6673.5,6872.0,7075.5,7285.5,7495.0,7715.5,7944.0,8171.5,8404.0,8640.0,8883.0,9130.0,9389.5,9649.0,9916.5,10185.5,10463.5,10756.0,11052.5,11347.0,11651.0,11966.0,12285.0,12611.0,12946.5,13288.5,13635.0,13987.0,14346.5,14713.0,15089.5,15470.0,15851.0,16247.5,16658.0,17062.0,17478.5,17903.5,18334.0,18777.0,19227.0,19689.0,20146.0,20629.0,21106.5,21603.0,22099.5,22600.0,23108.5,23626.0,24166.0,24703.0,25247.0,25789.0,26342.5,26916.0,27495.0,28080.5,28672.0,29270.5,29870.0,30485.5,31100.5,31734.0,32378.5,33036.0,33682.5,34346.0,35009.0,35690.0,36376.0,37082.0,37814.0,38545.5,39295.5,40051.0,40818.5,41609.5,42415.5,43228.0,44061.0,44891.5,45733.0,46602.5,47480.5,48362.5,49253.5,50173.0,51100.0,52042.0,52996.5,53967.5,54928.0,55907.0,56906.0,57919.5,58932.0,59955.5,60975.5,62013.5,63058.0,64123.0,65191.0,66259.0,67329.0,68416.0,69514.0,70617.5,71712.0,72823.5,73936.5,75044.5,76162.5,77281.0,78415.0,79549.0,80671.0,81811.0,82945.5,84071.0,85203.5,86324.0,87450.0,88575.5,89698.5,90826.0,91959.5,93086.5,94211.5,95329.0,96450.5,97574.0,98690.0,99795.0,100903.0,102013.0,103110.0,104209.5,105305.5,106400.0,107477.5,108550.5,109627.0,110696.0,111759.0,112815.0,113871.5,114924.0,115975.5,117016.5,118055.5,119083.5,120108.5,121124.5,122127.0,123121.0,124117.0,125112.5,126084.5,127060.5,128024.0,128977.0,129916.5,130846.5,131759.0,132657.5,133542.5,134396.5,135243.0,136086.0,136903.0,137711.5,138501.5,139264.0,140016.5,140759.5,141480.5,142196.5,142893.5,143578.0,144244.0,144894.0,145534.0,146161.5,146777.5,147376.5,147968.5,148543.5,149108.5,149663.5,150208.5,150751.0,151288.5,151816.0,152334.0,152841.0,153343.5,153840.5,154328.0,154807.5,155280.5,155748.0,156197.0,156648.5,157081.0,157505.5,157922.5,158327.0,158728.5,159126.0,159512.5,159895.5,160268.5,160638.5,161003.0,161356.0,161697.0,162037.5,162373.0,162701.5,163016.0,163329.0,163639.0,163943.5,164239.5,164535.5,164815.0,165091.0,165361.5,165629.0,165894.5,166153.5,166406.5,166652.5,166892.0,167134.0,167362.0,167587.5,167808.5,168022.5,168237.5,168444.5,168649.5,168852.5,169053.5,169246.0,169433.0,169619.0,169797.5,169976.5,170154.5,170324.0,170486.0,170653.5,170816.5,170976.5,171131.0,171280.0,171424.0,171570.0,171705.0,171841.0,171978.0,172109.5,172239.5,172365.0,172487.0,172608.0,172726.5,172839.5,172955.0,173072.5,173179.5,173284.5,173387.5,173489.5,173588.5,173687.5,173782.0,173878.0,173968.5,174056.0,174141.5,174226.5,174312.5,174392.5,174471.5,174544.5,174617.0,174688.0,174758.5,174823.5,174888.5,174951.5,175014.5,175074.0,175132.0,175189.0,175246.0,175302.5,175356.0,175406.5,175455.5,175503.5,175550.5,175598.5,175643.5,175688.5,175731.5,175773.5,175815.0,175858.0,175897.0,175936.0,175975.0,176011.0,176048.0,176084.0,176119.5,176153.5,176187.5,176220.5,176252.0,176284.0,176314.5,176344.5,176374.5,176404.0,176432.5,176460.5,176487.5,176514.0,176540.0,176564.0,176588.0,176611.0,176635.0,176658.0,176680.5,176703.5,176725.0,176745.5,176765.5,176785.5,176804.5,176823.5,176842.5,176862.5,176880.5,176897.5,176914.5,176931.5,176947.5,176963.5,176979.5,176995.0,177010.5,177025.5,177040.5,177054.5,177068.5,177082.5,177095.0,177107.0,177118.5,177130.5,177143.5,177155.5,177166.5,177176.5,177187.5,177197.5,177206.5,177216.5,177225.5,177234.5,177244.5,177253.0,177262.0,177271.0,177279.0,177288.0,177296.0,177303.0,177310.0,177317.0,177324.0,177331.0,177337.5,177343.5,177349.5,177354.5,177359.5,177365.5,177370.5,177376.5,177381.5,177386.5,177391.5,177396.5,177401.5,177405.5,177409.5,177413.5,177417.5,177422.0,177426.0,177430.0,177434.0,177438.0,177442.0,177445.0,177448.0,177451.5,177455.5,177458.5,177461.5,177464.5,177467.5,177470.5,177473.5,177475.5,177478.0,177480.0,177483.0,177485.0,177487.0,177489.0
Kisii,0.0,0.0,0.0,0.0,0.0,0.0,0.0,0.0,0.0,0.0,0.0,0.0,0.0,0.0,0.0,0.0,0.0,0.0,0.0,0.0,0.0,0.0,0.0,0.0,0.0,0.0,0.0,0.0,0.0,0.0,0.0,0.0,0.0,0.0,0.0,0.0,0.0,0.0,0.0,0.0,0.0,0.0,0.0,0.0,0.0,0.0,0.0,0.0,0.0,0.0,0.0,0.0,0.0,0.0,0.0,0.0,1.0,1.0,2.0,2.0,3.0,3.0,4.0,5.0,6.0,7.0,8.0,9.0,10.0,11.0,12.0,13.0,14.0,15.0,16.0,17.0,18.0,19.0,20.0,21.0,22.0,23.0,24.0,25.0,26.0,27.0,29.0,30.0,31.5,33.5,35.5,37.5,39.5,41.5,43.5,45.5,47.5,49.5,51.5,54.0,56.0,58.0,60.0,63.0,66.0,69.0,72.0,75.0,78.0,81.0,84.5,88.0,91.0,95.0,99.0,103.0,107.0,111.0,115.0,119.0,123.0,128.0,133.0,138.0,143.0,148.0,154.0,160.0,166.0,172.0,178.0,184.0,190.0,197.0,203.5,210.5,217.5,225.5,233.5,241.0,249.0,258.0,267.0,276.0,285.0,295.0,305.0,315.0,326.0,337.0,349.0,361.0,373.0,386.0,399.0,412.0,425.0,440.0,454.0,468.0,483.0,498.0,514.0,531.0,547.0,564.0,582.0,601.0,620.5,639.5,659.5,680.5,701.5,723.5,746.5,769.0,794.0,819.0,846.0,874.0,903.0,932.0,963.0,994.0,1028.0,1062.0,1097.0,1133.0,1171.0,1210.0,1250.0,1292.0,1334.5,1379.5,1427.5,1479.5,1530.0,1582.0,1639.5,1697.0,1757.5,1818.5,1882.5,1948.0,2015.5,2085.5,2158.0,2231.0,2310.0,2393.0,2477.5,2564.5,2654.5,2751.5,2850.5,2950.5,3055.0,3165.5,3277.5,3394.5,3518.0,3640.5,3769.0,3903.5,4039.5,4184.0,4330.0,4480.0,4636.0,4793.0,4958.0,5122.0,5288.5,5469.5,5648.5,5834.0,6022.0,6213.0,6414.5,6614.0,6822.0,7037.0,7256.0,7485.0,7715.5,7949.5,8191.0,8440.0,8695.5,8955.5,9230.5,9509.5,9793.0,10082.5,10379.5,10687.5,11002.0,11326.0,11647.0,11980.0,12337.0,12692.5,13046.5,13414.5,13794.0,14188.5,14587.0,14994.5,15405.5,15833.0,16259.5,16710.5,17165.5,17630.0,18110.5,18599.0,19092.5,19596.5,20115.0,20636.0,21180.0,21740.0,22300.5,22885.0,23483.5,24077.5,24696.5,25328.5,25955.0,26605.0,27279.0,27973.0,28665.5,29390.0,30105.5,30846.5,31603.5,32362.0,33140.0,33932.5,34742.0,35600.0,36470.5,37367.5,38278.0,39225.5,40191.0,41172.5,42177.0,43213.0,44268.5,45351.0,46442.0,47590.5,48755.5,49942.5,51157.5,52402.0,53672.0,54964.0,56272.5,57627.0,59008.5,60412.0,61853.0,63309.0,64806.5,66314.5,67883.0,69489.5,71130.0,72776.0,74460.0,76163.5,77906.0,79659.0,81470.5,83294.5,85142.0,87030.0,88950.5,90882.5,92859.0,94850.5,96882.5,98923.0,101010.5,103142.5,105284.5,107467.5,109673.0,111896.0,114165.5,116462.5,118748.5,121098.0,123446.0,125829.5,128204.0,130634.0,133108.5,135569.5,138067.0,140593.0,143130.0,145688.0,148276.0,150869.5,153456.5,156100.0,158742.5,161405.0,164089.5,166774.0,169472.0,172159.0,174858.5,177580.5,180310.5,183039.5,185747.0,188496.5,191251.0,193993.5,196718.0,199456.5,202193.5,204919.0,207625.5,210350.0,213058.0,215753.5,218437.5,221088.0,223733.0,226333.5,228917.0,231451.5,233953.5,236417.5,238852.5,241256.5,243638.0,245979.5,248299.0,250590.5,252857.5,255082.0,257288.0,259446.5,261588.0,263702.0,265794.0,267884.0,269922.0,271932.5,273925.5,275903.0,277865.5,279809.0,281783.5,283746.5,285686.5,287623.0,289550.0,291449.5,293335.0,295203.0,297054.5,298884.5,300706.5,302511.0,304297.5,306086.5,307856.5,309595.0,311310.5,313007.0,314675.5,316307.5,317953.0,319541.5,321116.5,322683.5,324234.5,325762.0,327269.0,328718.5,330154.5,331567.0,332962.0,334358.0,335719.5,337061.5,338382.5,339711.0,340984.5,342243.0,343486.5,344706.5,345909.5,347091.5,348253.5,349391.5,350537.5,351633.0,352710.0,353762.0,354799.0,355824.5,356822.0,357821.5,358772.0,359733.5,360662.5,361582.0,362496.5,363360.0,364208.5,365048.0,365884.0,366696.0,367496.5,368284.0,369061.0,369817.5,370562.5,371287.0,371997.5,372703.5,373385.0,374055.5,374706.0,375352.5,375974.0,376589.0,377199.0,377786.5,378378.0,378945.5,379497.5,380037.5,380568.0,381079.0,381591.0,382097.5,382590.5,383069.0,383551.0,384011.0,384454.5,384898.0,385332.0,385767.0,386166.5,386562.5,386947.0,387311.0,387660.5,388017.0,388355.5,388688.0,389010.5,389318.5,389623.0,389914.5,390201.0,390479.5,390746.0,391010.0,391276.5,391527.5,391764.5,391994.5,392230.5,392453.5,392671.5,392889.5,393098.5,393302.0,393506.5,393703.5,393899.0,394092.5,394285.5,394471.5,394655.0,394828.0,395003.5,395173.0,395338.0,395501.0,395663.0,395818.5,395968.0,396111.0,396259.0,396399.0,396542.5,396681.0,396813.5,396944.0,397069.0,397194.0,397315.0,397431.5,397550.5,397666.0,397776.5,397887.5,397994.5,398099.5,398201.0,398299.5,398397.0,398494.0,398584.5,398672.5,398758.5,398848.5,398933.0,399020.0,399102.5,399181.0,399258.0,399336.0,399408.5,399477.5,399551.5,399620.0,399685.0,399750.0,399811.0,399872.0,399929.0,399987.0,400039.5,400090.0,400143.0,400195.5,400246.0,400291.5,400337.0,400382.5,400425.5,400468.5,400508.5,400547.5,400584.5,400621.0,400657.5,400693.0,400725.0,400758.0,400791.0,400821.5,400852.5,400881.5,400909.5,400937.5,400964.5,400992.5,401017.5,401041.5,401065.5,401089.5,401112.5,401132.5,401155.0,401176.0,401197.0,401217.0,401235.0,401254.0,401272.0,401291.0,401309.0,401325.0,401341.5,401357.5,401372.0,401389.0,401403.0,401416.0,401429.5,401442.5,401456.5,401470.5,401482.5,401496.5,401509.0,401521.0,401531.0,401542.0,401552.5,401562.5,401572.5,401582.5
Kisumu,0.0,0.0,0.0,0.0,0.0,0.0,0.0,0.0,0.0,0.0,0.0,0.0,0.0,0.0,0.0,0.0,0.0,0.0,0.0,0.0,0.0,0.0,0.0,0.0,0.0,0.0,0.0,0.0,0.0,0.0,0.0,0.0,0.0,0.0,0.0,0.0,0.0,0.0,0.0,0.0,0.0,0.0,0.0,0.0,0.0,0.0,0.0,0.0,0.0,0.0,0.0,0.0,0.0,0.0,1.0,2.0,2.5,3.0,4.0,5.0,6.0,7.0,8.0,9.0,10.0,11.0,12.0,13.0,14.0,15.0,16.0,17.0,18.0,19.0,20.0,21.0,22.0,23.0,24.0,25.0,26.0,27.0,28.0,29.0,30.0,32.0,34.0,36.0,38.0,40.0,42.0,44.0,46.0,48.0,50.0,52.0,54.0,56.0,58.5,60.5,63.5,66.5,69.5,72.5,75.5,78.5,81.5,84.5,88.0,92.0,96.0,100.0,103.0,107.0,111.0,115.0,119.0,123.0,127.5,132.5,137.5,142.5,147.5,153.5,158.5,164.5,171.0,177.0,184.0,191.0,198.0,205.0,212.0,219.5,227.5,235.5,243.5,252.5,260.5,269.5,278.5,287.5,297.5,307.5,318.0,328.0,339.0,350.0,361.0,373.0,385.0,398.0,410.0,423.0,437.0,451.0,465.0,480.0,494.0,510.0,525.0,542.0,558.5,576.5,595.0,613.0,632.0,651.0,670.5,691.5,713.5,735.5,758.5,782.5,806.5,832.5,858.5,887.5,917.5,946.5,976.5,1010.5,1044.5,1077.5,1114.5,1152.5,1190.5,1229.5,1270.5,1314.0,1359.0,1405.5,1451.0,1497.5,1551.0,1606.0,1660.5,1714.5,1771.5,1834.5,1898.0,1961.0,2029.0,2098.5,2174.5,2250.0,2327.5,2411.5,2496.5,2583.5,2672.5,2765.5,2865.0,2968.0,3070.5,3179.0,3288.5,3405.5,3528.0,3653.0,3779.0,3911.5,4049.0,4200.5,4351.0,4510.0,4673.5,4835.5,5002.5,5173.0,5350.5,5528.0,5712.0,5893.5,6092.5,6295.5,6499.0,6708.0,6920.5,7139.0,7369.0,7597.5,7830.0,8076.0,8329.0,8583.0,8849.5,9111.0,9391.5,9679.5,9969.0,10266.0,10576.5,10888.0,11212.5,11536.0,11874.5,12215.0,12570.0,12924.5,13292.5,13677.5,14063.5,14467.0,14860.0,15277.5,15712.5,16154.5,16597.0,17062.0,17532.5,18017.5,18516.0,19022.0,19533.5,20045.5,20597.5,21155.5,21711.5,22288.0,22878.5,23469.5,24075.0,24697.0,25323.5,25973.0,26631.0,27300.0,27981.5,28680.5,29389.0,30114.5,30869.0,31613.0,32392.0,33170.0,33955.0,34757.5,35579.5,36435.5,37308.0,38207.5,39148.0,40098.0,41089.0,42101.5,43137.5,44192.5,45304.5,46421.0,47554.5,48720.0,49911.5,51144.0,52411.0,53681.5,54995.5,56334.5,57706.0,59121.0,60531.5,61996.0,63478.5,65010.0,66578.0,68170.5,69809.5,71452.5,73116.0,74844.0,76592.5,78382.5,80206.0,82040.5,83922.0,85837.0,87768.5,89731.5,91733.0,93764.0,95830.5,97913.0,100023.5,102181.5,104369.5,106605.0,108862.0,111121.5,113406.0,115730.5,118072.0,120419.0,122833.5,125257.5,127718.0,130191.5,132678.0,135154.0,137713.0,140293.5,142868.0,145472.5,148084.0,150733.0,153400.5,156068.5,158756.5,161461.0,164162.0,166880.5,169611.0,172327.5,175059.5,177792.0,180514.0,183268.0,186013.5,188740.5,191482.5,194237.0,196960.0,199676.0,202403.5,205090.5,207773.0,210450.5,213127.0,215777.0,218430.5,221096.0,223741.5,226379.0,228995.5,231594.0,234166.0,236690.0,239176.5,241632.5,244031.5,246424.5,248773.5,251075.5,253361.5,255612.5,257834.0,260029.0,262202.0,264347.5,266446.5,268532.5,270583.5,272604.5,274597.5,276567.0,278509.0,280421.0,282312.5,284172.0,286016.5,287844.0,289672.5,291479.5,293295.5,295080.0,296863.0,298625.5,300377.5,302101.5,303817.0,305508.0,307155.5,308773.5,310389.5,311981.0,313533.5,315063.5,316580.5,318076.0,319547.5,320987.0,322411.5,323817.0,325214.5,326575.5,327910.5,329226.5,330515.0,331782.0,333033.0,334272.5,335503.5,336686.0,337862.0,339011.0,340150.0,341250.5,342346.5,343412.5,344468.0,345493.0,346527.0,347517.5,348501.5,349452.0,350390.0,351319.5,352230.5,353113.0,353985.0,354839.0,355677.5,356487.5,357303.0,358104.0,358888.0,359647.5,360387.5,361108.5,361818.0,362528.0,363213.5,363889.0,364561.5,365204.5,365830.5,366437.5,367042.5,367634.0,368209.0,368771.5,369324.0,369870.5,370408.0,370937.0,371445.5,371956.0,372440.5,372917.5,373396.0,373855.0,374315.0,374748.0,375172.0,375594.5,376009.0,376408.5,376810.0,377197.5,377571.5,377941.0,378303.0,378655.5,379003.0,379334.5,379653.0,379970.5,380284.0,380579.5,380872.0,381151.5,381425.0,381690.5,381947.0,382200.5,382441.5,382678.5,382905.5,383129.0,383347.0,383557.0,383767.5,383971.0,384165.0,384352.5,384543.0,384723.0,384895.5,385068.5,385231.0,385401.5,385569.5,385732.0,385887.0,386040.5,386188.0,386341.0,386485.5,386624.0,386766.5,386905.5,387037.0,387166.0,387288.0,387411.5,387535.5,387653.5,387766.5,387884.5,387993.5,388100.5,388204.0,388305.5,388406.5,388505.5,388604.0,388697.0,388789.5,388879.5,388965.0,389051.0,389138.0,389220.0,389303.0,389383.0,389460.5,389535.0,389608.5,389680.5,389752.0,389822.5,389890.0,389954.5,390018.5,390080.0,390144.0,390205.0,390262.5,390318.5,390375.0,390431.0,390484.0,390533.5,390584.0,390631.0,390679.5,390724.0,390768.5,390811.0,390853.0,390895.0,390935.0,390974.5,391012.0,391047.5,391084.5,391117.5,391151.5,391184.0,391216.0,391247.0,391276.0,391304.5,391333.0,391360.0,391386.0,391412.0,391438.0,391462.0,391485.5,391510.0,391532.0,391553.0,391575.0,391596.0,391617.0,391636.5,391653.5,391672.5,391691.5,391709.0,391726.0,391743.0,391758.0,391774.0,391789.0,391803.0,391817.0,391831.0,391844.5,391858.5,391870.5,391881.5,391894.5,391905.5,391917.5,391928.5,391939.5,391949.5,391959.5,391969.0,391978.0,391987.0,391996.0,392005.0,392014.0,392022.0,392030.0,392038.0
Kitui,0.0,0.0,0.0,0.0,0.0,0.0,0.0,0.0,0.0,1.0,1.0,2.0,3.0,4.0,5.0,6.0,7.0,8.0,9.0,10.0,12.0,14.0,16.0,18.0,20.0,22.0,24.0,26.0,28.0,30.0,32.0,34.0,37.0,39.0,42.0,45.0,48.0,51.0,54.0,57.0,60.0,63.0,67.0,71.0,75.0,79.0,83.0,87.0,91.0,95.0,99.0,103.0,108.0,113.0,118.0,123.0,128.0,134.0,140.0,146.0,152.0,158.0,165.0,171.0,178.5,185.5,193.5,202.0,210.0,219.0,228.0,237.0,246.0,256.0,266.0,276.0,287.0,298.5,309.5,320.5,332.5,345.5,359.5,372.5,386.5,400.5,415.5,430.5,445.5,462.5,479.5,495.5,512.5,531.5,549.5,568.5,588.0,609.0,630.0,652.0,675.5,699.5,723.5,748.5,774.5,801.5,829.5,858.5,888.5,918.5,950.5,982.0,1015.0,1049.0,1084.5,1119.5,1156.5,1194.5,1233.5,1274.5,1316.5,1358.0,1405.0,1451.0,1498.5,1549.0,1599.0,1651.0,1706.5,1762.5,1822.5,1881.5,1942.5,2004.5,2069.5,2138.5,2206.5,2278.5,2351.5,2427.0,2505.5,2585.5,2664.5,2749.5,2835.5,2926.5,3017.5,3113.0,3210.0,3312.0,3416.5,3520.5,3629.0,3742.5,3863.0,3982.0,4107.5,4237.0,4365.5,4500.0,4643.0,4783.5,4934.0,5088.5,5248.5,5415.0,5580.0,5752.5,5930.0,6113.0,6300.5,6497.5,6702.5,6913.5,7131.5,7358.5,7597.5,7851.0,8107.5,8375.0,8651.0,8943.5,9245.0,9562.0,9895.0,10235.5,10591.5,10953.5,11329.5,11716.5,12120.5,12553.0,12993.0,13448.0,13932.0,14436.5,14942.0,15475.5,16026.0,16618.0,17204.5,17818.5,18456.5,19121.5,19804.5,20507.5,21251.5,22016.5,22829.5,23651.0,24504.0,25393.0,26314.0,27274.5,28256.0,29278.5,30354.0,31434.5,32571.5,33745.0,34960.0,36224.0,37504.5,38815.0,40178.0,41584.5,43024.5,44492.0,45993.0,47533.5,49088.5,50657.5,52268.5,53915.0,55633.5,57360.5,59117.0,60895.5,62711.5,64585.0,66499.0,68440.0,70424.0,72421.0,74443.0,76515.0,78630.5,80789.5,82986.5,85195.5,87420.0,89694.0,91988.0,94354.5,96753.0,99149.0,101621.0,104112.0,106653.5,109169.0,111707.5,114302.5,116944.0,119607.0,122276.5,124983.0,127740.5,130513.0,133321.5,136131.5,138945.5,141829.5,144700.5,147630.5,150579.5,153510.0,156481.5,159459.0,162469.0,165484.5,168487.5,171531.0,174564.5,177631.0,180674.5,183707.5,186753.5,189784.5,192800.5,195818.5,198814.5,201816.5,204795.5,207752.0,210691.5,213604.0,216516.0,219400.5,222283.5,225162.0,228073.0,230994.0,233937.0,236894.0,239860.0,242850.5,245830.0,248816.0,251803.5,254815.5,257802.0,260808.0,263794.0,266775.0,269754.5,272719.5,275685.0,278639.5,281574.0,284514.5,287467.0,290412.5,293348.0,296246.5,299155.0,302080.0,304953.0,307812.0,310664.0,313486.0,316299.0,319100.0,321844.0,324576.5,327295.0,329952.5,332588.0,335213.0,337766.5,340288.5,342804.5,345272.0,347720.0,350125.5,352495.0,354840.5,357163.5,359424.5,361664.0,363870.0,366039.5,368171.5,370265.5,372319.0,374340.5,376312.5,378257.0,380180.5,382067.0,383893.5,385703.0,387472.0,389231.5,390960.0,392666.5,394323.5,395941.0,397534.5,399084.5,400612.0,402095.5,403574.5,405004.5,406419.5,407812.0,409155.5,410488.5,411788.0,413061.5,414294.5,415508.5,416700.0,417880.5,419031.5,420132.5,421219.5,422288.0,423323.5,424341.0,425346.5,426323.5,427283.5,428231.5,429138.5,430012.0,430872.5,431703.5,432520.5,433299.0,434042.0,434784.0,435493.5,436182.5,436857.5,437514.5,438149.0,438766.0,439354.5,439933.0,440503.5,441050.0,441587.5,442099.0,442598.0,443085.0,443559.0,444023.5,444474.0,444919.5,445345.5,445773.0,446192.0,446604.0,447003.5,447393.0,447776.0,448150.5,448514.5,448865.5,449215.0,449555.5,449891.5,450213.5,450535.5,450849.0,451153.0,451448.0,451736.5,452026.5,452299.5,452558.5,452816.5,453076.5,453327.0,453570.0,453811.5,454050.0,454278.5,454512.5,454734.5,454949.5,455159.0,455360.5,455570.0,455768.0,455957.0,456146.5,456332.0,456510.5,456686.5,456859.0,457026.5,457188.5,457346.5,457498.0,457651.0,457797.5,457943.0,458083.5,458224.0,458358.0,458487.5,458611.5,458743.5,458869.0,458992.5,459108.5,459222.0,459335.0,459447.0,459553.0,459657.0,459761.0,459864.0,459961.0,460056.0,460154.0,460245.0,460337.0,460427.0,460511.5,460596.5,460680.5,460760.0,460839.5,460918.5,460996.5,461070.5,461142.0,461212.5,461279.5,461345.5,461410.5,461476.5,461541.5,461604.5,461666.0,461725.5,461783.5,461841.5,461898.5,461953.0,462007.5,462057.5,462105.5,462155.5,462203.5,462249.5,462293.5,462337.5,462379.5,462420.5,462458.5,462496.5,462534.5,462571.5,462607.5,462641.5,462675.5,462708.5,462740.5,462771.0,462801.0,462831.0,462861.0,462891.0,462918.0,462944.0,462970.0,462996.5,463022.5,463048.5,463072.5,463095.5,463119.5,463143.0,463165.0,463187.0,463208.0,463228.5,463249.5,463269.5,463289.5,463309.0,463329.0,463349.0,463368.0,463385.0,463403.0,463419.5,463436.5,463452.5,463468.5,463483.5,463498.5,463513.5,463528.5,463542.5,463555.5,463568.5,463582.5,463595.5,463608.5,463621.5,463634.5,463645.5,463657.5,463669.0,463680.0,463691.0,463701.5,463711.5,463721.5,463731.5,463741.5,463751.5,463761.5,463770.5,463779.5,463787.5,463795.5,463803.5,463811.5,463819.5,463826.5,463833.5,463840.5,463847.5,463853.5,463860.0,463866.0,463872.0,463878.0,463884.0,463889.0,463894.5,463900.5,463905.5,463910.5,463914.5,463919.5,463924.5,463929.5,463934.0,463939.0,463943.0,463948.0,463952.0,463956.0,463960.0,463963.0,463967.0,463971.0,463974.0,463977.0,463980.0,463983.0,463986.0,463989.0,463992.0,463995.0,463998.0,464001.0,464003.0,464005.0,464008.0,464010.0,464013.0,464015.0,464017.0,464019.0,464021.0,464023.0,464025.0,464027.0,464029.0,464031.0,464033.0,464035.0,464037.0,464039.0,464041.0,464043.0,464045.0,464046.0,464047.0,464048.0,464049.0
Kwale,0.0,0.0,2.0,5.0,10.0,16.0,23.0,31.0,40.0,50.5,61.5,74.5,88.5,103.5,119.5,137.0,154.0,171.0,188.0,206.0,224.0,242.0,260.0,279.0,299.0,319.0,340.0,360.5,381.5,403.5,425.5,447.5,469.5,493.5,518.5,543.5,569.5,594.5,620.5,646.5,673.5,701.5,729.5,759.5,789.5,819.5,850.5,882.5,914.5,947.5,982.5,1017.5,1052.0,1089.0,1125.0,1164.5,1204.5,1245.5,1287.5,1328.5,1371.5,1416.0,1461.0,1507.0,1554.0,1601.0,1651.0,1704.0,1755.5,1808.5,1863.5,1918.5,1974.5,2032.5,2092.0,2153.0,2216.0,2281.0,2346.0,2413.0,2482.0,2553.0,2625.0,2696.0,2770.0,2846.0,2925.0,3005.0,3084.0,3166.0,3250.0,3338.5,3428.0,3522.0,3617.0,3713.5,3811.0,3911.0,4011.0,4115.5,4222.0,4331.0,4441.0,4554.0,4666.0,4783.5,4906.0,5031.5,5159.0,5288.0,5423.5,5558.5,5698.0,5841.0,5983.5,6134.0,6285.0,6441.5,6601.0,6760.5,6927.5,7096.0,7268.0,7447.5,7628.5,7813.5,8001.5,8195.0,8393.0,8595.0,8801.5,9010.5,9227.5,9445.0,9671.0,9899.0,10134.5,10374.5,10625.5,10878.0,11134.5,11394.0,11659.0,11933.5,12212.5,12499.5,12791.5,13085.5,13390.0,13695.5,14013.5,14342.0,14670.0,15010.5,15352.5,15706.0,16069.0,16436.0,16810.5,17189.0,17576.5,17979.0,18385.0,18791.0,19215.0,19637.5,20066.0,20508.5,20960.5,21422.0,21886.0,22359.5,22852.5,23359.5,23877.5,24418.0,24977.5,25554.5,26145.5,26747.5,27375.0,28012.0,28668.5,29347.0,30043.5,30750.0,31471.5,32217.0,32992.5,33788.5,34604.5,35433.0,36288.5,37171.0,38074.5,38989.0,39944.0,40932.5,41934.0,42949.5,44000.0,45075.5,46167.5,47283.5,48447.0,49631.0,50854.5,52071.5,53355.0,54651.5,55979.0,57330.5,58708.5,60120.5,61567.5,63067.5,64555.0,66087.5,67644.0,69250.5,70872.5,72520.5,74215.0,75910.5,77655.5,79423.5,81211.5,83000.5,84800.0,86620.0,88420.5,90236.5,92054.0,93888.0,95733.0,97594.0,99456.5,101343.5,103235.0,105122.5,107010.0,108912.5,110824.5,112745.0,114659.5,116587.5,118515.0,120429.0,122325.5,124254.0,126163.0,128096.5,130035.0,131946.0,133858.5,135783.0,137695.0,139603.0,141498.0,143408.0,145284.5,147166.5,149041.0,150917.0,152771.0,154624.5,156475.0,158308.5,160128.0,161943.0,163736.5,165528.5,167299.0,169069.0,170805.0,172541.0,174255.5,175953.5,177646.5,179321.0,180973.5,182616.0,184233.5,185852.0,187442.5,189024.5,190598.0,192142.0,193659.0,195171.0,196672.0,198165.5,199637.5,201090.0,202533.5,203951.0,205363.0,206750.0,208130.5,209500.0,210864.5,212230.5,213593.0,214959.5,216310.5,217667.0,219014.5,220363.5,221692.0,223015.0,224325.0,225633.5,226921.0,228205.5,229472.0,230733.5,232001.0,233253.0,234483.5,235677.5,236879.5,238077.0,239255.0,240401.5,241561.5,242686.5,243806.5,244925.0,246027.0,247113.0,248173.0,249227.0,250267.5,251292.5,252317.5,253320.5,254315.0,255289.0,256240.0,257195.0,258132.0,259065.0,259981.5,260876.0,261770.0,262632.5,263490.0,264341.5,265175.0,265987.0,266797.5,267588.0,268375.0,269151.5,269914.0,270655.5,271384.0,272113.0,272817.0,273522.5,274211.0,274891.5,275564.5,276223.0,276867.0,277506.0,278134.5,278735.0,279349.5,279933.5,280516.5,281093.0,281652.0,282189.0,282735.0,283271.0,283800.5,284307.5,284818.0,285319.0,285808.5,286291.5,286761.5,287223.0,287674.0,288120.0,288561.0,288986.0,289418.0,289832.0,290242.5,290638.0,291037.5,291421.5,291798.5,292162.0,292520.5,292874.0,293207.5,293534.5,293847.0,294158.0,294464.5,294760.0,295047.5,295329.5,295602.0,295870.5,296126.0,296388.0,296636.0,296879.0,297119.5,297348.0,297571.0,297793.5,298005.0,298218.5,298426.0,298627.0,298828.5,299024.5,299219.0,299410.0,299603.0,299781.5,299962.0,300134.5,300305.5,300468.5,300641.5,300804.5,300965.0,301122.5,301273.0,301421.5,301569.0,301713.0,301850.5,301985.5,302123.0,302263.0,302391.5,302523.5,302650.0,302773.5,302897.0,303017.0,303135.5,303252.5,303369.0,303479.5,303583.5,303689.5,303794.5,303898.5,303997.0,304094.0,304191.5,304286.5,304380.5,304472.5,304565.0,304656.0,304743.5,304828.5,304912.5,304996.0,305076.0,305154.0,305235.0,305311.5,305388.0,305463.0,305536.0,305607.5,305677.5,305747.0,305816.0,305882.5,305950.5,306015.5,306081.0,306139.5,306200.5,306258.5,306318.5,306376.0,306437.5,306493.5,306548.5,306601.5,306656.5,306708.0,306761.0,306810.0,306859.0,306909.0,306957.5,307005.5,307051.5,307097.5,307143.0,307187.0,307231.0,307274.0,307317.0,307356.0,307396.0,307437.5,307476.5,307515.5,307554.5,307591.0,307627.0,307662.0,307696.5,307730.0,307762.5,307793.5,307823.5,307853.0,307883.0,307912.0,307941.0,307968.5,307994.5,308020.5,308046.5,308070.5,308093.5,308117.5,308139.5,308161.5,308183.5,308204.5,308226.5,308247.0,308267.0,308287.0,308306.0,308324.0,308344.0,308362.5,308381.5,308398.5,308415.5,308432.5,308448.5,308464.5,308480.5,308496.5,308512.5,308528.5,308543.5,308558.5,308573.5,308588.5,308602.5,308616.5,308629.5,308643.5,308655.5,308667.5,308681.0,308694.0,308705.0,308716.0,308728.5,308741.5,308753.5,308764.5,308776.5,308787.5,308798.5,308809.5,308820.5,308830.5,308840.5,308850.5,308860.5,308869.5,308878.5,308887.5,308896.5,308905.5,308914.5,308923.5,308932.0,308940.0,308948.0,308956.0,308964.0,308971.0,308978.0,308985.0,308992.0,308999.0,309005.5,309012.5,309018.5,309024.5,309030.5,309036.5,309042.5,309048.5,309054.5,309059.5,309064.5,309069.5,309074.5,309079.5,309084.5,309089.5,309094.5,309098.5,309102.5,309106.5,309111.0,309115.0,309119.0,309123.0,309127.0,309131.0,309135.0,309138.5,309142.5,309145.5,309149.5,309153.0,309156.0,309159.0,309162.5,309165.5,309168.5,309171.5,309174.5,309177.5,309180.5,309183.5,309186.5,309189.0,309191.0,309194.0,309196.0,309198.0,309200.0,309202.0,309204.0,309206.0,309208.0,309210.0,309212.0,309214.0,309216.0,309218.0,309220.0,309222.0
Laikipia,0.0,0.0,0.0,0.0,0.0,0.0,0.0,0.0,0.0,0.0,0.0,0.0,0.0,0.0,0.0,0.0,0.0,0.0,0.0,0.0,0.0,0.0,0.0,0.0,0.0,0.0,0.0,0.0,0.0,0.0,0.0,0.0,0.0,0.0,0.0,0.0,0.0,0.0,0.0,0.0,0.0,0.0,1.0,1.0,1.0,2.0,3.0,3.0,4.0,5.0,6.0,7.0,8.0,9.0,10.0,11.0,12.0,13.0,14.0,15.0,16.0,17.0,18.0,19.0,20.0,21.0,22.0,23.0,24.0,25.0,26.0,28.0,29.0,30.0,31.0,33.0,35.0,37.0,39.0,40.0,42.0,44.0,46.0,48.0,50.0,52.0,54.0,56.0,58.0,60.0,62.0,65.0,67.0,70.0,73.0,76.0,79.0,82.0,85.0,88.0,91.0,94.0,98.0,102.0,105.0,109.0,113.0,117.0,121.0,126.0,131.0,136.0,141.0,146.0,151.0,156.0,161.0,167.0,173.0,179.0,185.0,191.0,198.0,205.0,211.0,218.0,225.0,234.0,242.0,250.0,258.0,267.0,276.0,286.0,295.0,304.0,314.0,325.0,336.0,347.0,358.0,370.0,383.0,396.0,409.0,422.0,436.0,450.0,464.5,479.5,494.5,510.5,526.5,544.5,562.0,580.0,598.0,617.0,636.0,656.5,676.5,697.5,718.5,740.5,764.5,788.5,811.5,836.5,862.0,889.0,915.0,941.5,969.5,997.5,1028.5,1060.5,1093.5,1127.0,1163.0,1199.0,1236.0,1274.0,1313.5,1354.5,1396.5,1439.5,1486.0,1535.0,1584.5,1633.5,1686.5,1739.5,1793.5,1851.0,1912.0,1975.0,2040.5,2105.5,2176.5,2246.5,2320.5,2397.5,2480.0,2561.5,2646.0,2733.0,2823.5,2920.5,3020.0,3118.0,3224.5,3332.5,3445.5,3565.5,3683.5,3813.5,3940.0,4075.5,4210.5,4352.5,4499.0,4652.0,4807.0,4973.5,5138.5,5313.0,5490.0,5672.0,5858.0,6048.0,6245.5,6444.5,6644.0,6849.5,7056.5,7274.0,7487.5,7713.0,7938.5,8176.5,8416.5,8666.5,8919.5,9182.5,9448.5,9719.0,9997.0,10282.0,10573.0,10872.5,11182.5,11501.0,11817.5,12147.5,12478.5,12825.0,13173.0,13529.0,13893.5,14262.0,14643.5,15034.0,15438.0,15843.5,16268.5,16696.5,17126.5,17571.0,18017.0,18475.0,18939.5,19424.5,19900.0,20382.0,20882.5,21385.0,21915.0,22440.5,22975.0,23510.0,24062.0,24621.5,25199.0,25786.0,26398.0,27002.5,27608.5,28228.5,28848.5,29472.0,30114.5,30772.0,31426.0,32094.5,32796.0,33476.0,34177.0,34874.5,35592.5,36336.5,37087.5,37862.0,38657.0,39487.5,40317.5,41163.5,42025.0,42902.5,43795.0,44697.0,45626.5,46572.5,47535.5,48523.0,49523.0,50536.0,51565.0,52615.0,53659.5,54734.5,55807.5,56910.5,58020.5,59151.5,60299.5,61442.0,62603.0,63791.5,64974.0,66173.5,67395.5,68605.0,69817.5,71043.0,72274.5,73511.5,74763.0,76016.0,77284.0,78556.5,79834.5,81108.5,82382.5,83662.0,84944.0,86235.5,87511.5,88810.5,90096.0,91384.0,92684.5,93988.0,95288.5,96582.0,97874.0,99171.0,100448.5,101725.0,102993.0,104258.5,105508.5,106762.0,108014.0,109259.5,110500.5,111743.0,112972.0,114200.5,115419.5,116635.5,117843.5,119039.0,120235.5,121431.5,122615.5,123789.0,124957.0,126121.5,127277.0,128422.0,129559.0,130684.5,131790.5,132884.5,133979.5,135070.0,136133.0,137194.5,138232.5,139264.5,140288.0,141302.0,142306.0,143289.0,144255.0,145196.5,146104.0,146997.0,147862.0,148709.5,149547.5,150341.0,151138.5,151904.0,152652.0,153389.5,154116.5,154829.0,155516.5,156195.5,156863.0,157501.0,158130.0,158736.5,159326.5,159898.5,160457.5,161013.5,161558.0,162079.5,162595.0,163123.0,163630.0,164123.0,164606.0,165088.0,165557.5,166017.5,166470.0,166911.0,167342.5,167760.5,168160.0,168564.5,168967.0,169357.0,169735.0,170101.5,170457.0,170817.0,171162.5,171507.5,171847.5,172172.0,172487.0,172792.0,173105.0,173402.5,173696.5,173983.5,174255.5,174520.5,174791.5,175048.5,175306.5,175555.5,175792.5,176028.5,176262.5,176490.0,176715.0,176936.0,177148.5,177355.0,177557.5,177760.5,177951.5,178138.5,178321.5,178501.5,178678.0,178854.0,179025.0,179187.0,179350.0,179510.5,179666.0,179814.5,179960.5,180107.5,180245.0,180385.0,180514.5,180639.5,180762.5,180889.5,181010.5,181126.5,181243.0,181356.0,181462.5,181571.0,181676.0,181778.0,181882.5,181983.5,182082.0,182176.0,182266.0,182356.0,182445.5,182534.0,182616.0,182697.0,182775.0,182851.0,182927.5,183002.0,183075.0,183145.0,183216.5,183280.5,183346.5,183408.5,183467.0,183527.0,183586.5,183642.0,183698.5,183754.0,183805.0,183857.5,183908.0,183953.5,183999.5,184043.0,184086.0,184127.0,184165.0,184205.0,184244.0,184279.5,184316.0,184351.0,184382.0,184415.0,184446.0,184478.0,184508.0,184536.0,184564.5,184592.0,184620.0,184646.0,184673.0,184698.0,184722.0,184746.0,184771.0,184794.0,184817.0,184839.0,184862.0,184882.0,184902.5,184923.0,184943.0,184961.0,184979.0,184997.0,185016.0,185033.5,185050.5,185067.5,185083.5,185098.5,185114.5,185128.5,185144.5,185159.5,185174.5,185188.5,185201.5,185213.5,185226.5,185240.0,185252.5,185264.5,185276.5,185289.0,185301.0,185312.0,185323.0,185334.0,185344.0,185353.0,185363.0,185373.0,185382.0,185391.5,185400.5,185409.5,185417.5,185424.5,185431.5,185439.5,185446.5,185453.5,185460.5,185467.5,185474.5,185480.5,185486.5,185491.5,185497.5,185503.5,185509.5,185514.5,185519.5,185524.5,185529.5,185534.5,185539.5,185544.5,185548.5,185552.5,185556.5,185560.5,185564.5,185568.5,185572.5,185576.0,185580.0,185583.0,185586.0,185589.0,185592.0,185595.0,185598.0,185601.0,185604.0,185607.0,185610.0,185612.0,185615.0,185617.0,185619.0,185621.0,185623.0,185625.0,185627.0,185629.0,185631.0,185633.0,185635.0,185637.0,185639.0,185640.0,185642.0,185644.0,185646.0,185647.0,185649.0,185650.0,185651.0,185652.0,185653.0,185654.0
Lamu,0.0,0.0,0.0,0.0,0.0,0.0,0.0,0.0,0.0,0.0,0.0,0.0,0.0,0.0,0.0,0.0,0.0,0.0,0.0,0.0,0.0,0.0,0.0,0.0,0.0,0.0,0.0,0.0,0.0,0.0,0.0,0.0,0.0,0.0,0.0,0.0,0.0,0.0,0.0,0.0,0.0,0.0,0.0,0.0,0.0,0.0,0.0,0.0,0.0,0.0,0.0,0.0,0.0,0.0,0.5,1.0,2.0,2.0,2.0,2.0,2.0,3.0,4.0,4.0,5.0,6.0,7.0,8.0,9.0,10.0,11.0,12.0,13.0,14.0,15.0,16.0,17.0,18.0,19.0,20.0,21.0,22.0,24.0,25.0,27.0,28.0,30.0,32.0,34.0,36.0,38.0,40.0,42.0,44.0,46.0,48.0,50.0,52.5,54.5,56.5,59.5,62.5,65.5,68.5,72.5,75.5,79.5,83.5,86.5,90.5,94.5,98.5,103.0,107.0,111.0,116.0,121.0,126.0,131.0,136.0,142.0,148.0,154.0,160.0,166.0,173.0,179.5,186.5,194.5,202.5,210.0,218.0,226.0,235.5,244.5,253.5,262.5,273.0,283.0,294.0,304.5,315.5,326.5,338.5,350.5,362.5,376.5,388.5,403.5,418.5,433.5,449.5,465.0,480.0,497.0,514.0,532.5,550.5,569.5,588.5,608.5,629.5,651.5,674.5,698.0,721.0,745.0,770.0,794.0,822.5,850.5,880.0,910.0,941.5,973.0,1008.0,1046.0,1083.0,1120.0,1159.5,1199.5,1241.5,1285.5,1335.5,1384.5,1438.0,1489.0,1544.0,1600.5,1660.0,1720.0,1784.0,1850.5,1922.0,1996.5,2071.5,2147.0,2232.0,2314.5,2400.5,2494.5,2592.0,2688.5,2789.5,2899.0,3009.0,3122.0,3238.5,3358.5,3487.0,3619.5,3758.0,3901.0,4050.0,4205.0,4367.0,4528.5,4694.0,4873.0,5049.0,5243.0,5442.5,5651.0,5862.0,6075.5,6306.5,6536.5,6765.0,7001.5,7238.5,7491.0,7747.5,8012.0,8285.0,8555.5,8829.5,9110.0,9401.0,9696.0,9991.5,10304.5,10619.5,10946.0,11274.0,11608.0,11948.5,12294.0,12645.5,13002.0,13369.5,13726.0,14103.5,14475.5,14858.0,15238.5,15630.0,16025.5,16420.0,16817.0,17213.0,17613.5,18013.5,18420.0,18824.5,19232.0,19643.0,20047.0,20450.5,20855.5,21269.0,21674.0,22086.0,22500.0,22906.5,23306.5,23712.0,24114.0,24517.5,24917.5,25315.5,25710.5,26108.0,26502.0,26891.5,27274.5,27661.5,28052.0,28441.5,28832.0,29227.0,29607.0,29985.5,30368.5,30745.5,31120.5,31492.5,31859.0,32226.0,32586.0,32955.0,33323.0,33686.5,34055.5,34419.5,34796.0,35168.0,35536.5,35911.5,36281.5,36653.5,37026.5,37400.5,37771.5,38138.0,38508.0,38878.0,39254.0,39627.0,39998.0,40364.0,40730.0,41086.5,41439.5,41799.0,42150.5,42497.5,42845.5,43177.5,43516.0,43842.5,44170.5,44492.0,44813.5,45129.0,45434.5,45737.5,46042.5,46341.5,46623.5,46908.0,47191.0,47465.0,47737.0,48008.5,48274.5,48531.0,48779.0,49023.0,49267.5,49509.0,49747.0,49977.5,50201.5,50423.5,50642.0,50845.5,51049.0,51254.5,51450.0,51649.0,51837.0,52022.0,52204.5,52381.5,52555.5,52723.5,52898.0,53063.0,53221.5,53379.0,53533.0,53682.5,53833.0,53973.5,54112.5,54249.5,54383.5,54512.0,54638.0,54763.0,54882.5,55000.5,55116.5,55229.5,55341.5,55448.5,55556.5,55659.0,55759.0,55855.0,55947.5,56043.0,56136.0,56227.0,56313.5,56399.0,56483.0,56563.5,56640.5,56714.5,56787.0,56858.0,56927.0,56990.5,57054.5,57116.5,57177.0,57236.5,57292.5,57348.5,57402.0,57454.5,57506.5,57554.5,57604.0,57650.0,57695.5,57741.0,57785.5,57826.5,57869.5,57911.0,57950.0,57989.0,58028.0,58064.5,58099.5,58134.5,58169.5,58202.5,58236.0,58269.0,58301.0,58332.5,58363.5,58393.0,58421.0,58449.0,58476.0,58504.0,58531.0,58557.0,58583.0,58609.0,58633.0,58658.0,58681.0,58703.0,58726.0,58748.5,58769.5,58790.5,58810.5,58830.5,58850.5,58869.5,58888.5,58907.0,58926.0,58943.0,58960.0,58977.0,58993.0,59009.0,59024.0,59039.5,59054.5,59069.5,59083.5,59097.5,59111.5,59125.5,59138.5,59151.5,59164.5,59176.5,59188.5,59200.5,59212.5,59223.5,59233.5,59243.5,59253.5,59263.5,59273.5,59283.5,59292.5,59301.5,59310.5,59319.5,59327.5,59335.5,59344.5,59352.5,59359.5,59366.5,59374.5,59382.5,59389.5,59396.5,59402.5,59408.5,59415.5,59421.5,59427.5,59433.5,59439.5,59445.5,59451.5,59457.5,59462.5,59467.5,59472.5,59477.5,59482.5,59487.5,59492.0,59496.0,59500.0,59504.0,59508.0,59512.0,59516.0,59520.0,59523.0,59526.0,59530.0,59533.0,59536.0,59539.0,59542.0,59545.0,59548.0,59551.0,59554.0,59557.0,59559.0,59562.0,59565.0,59568.0,59570.0,59572.0,59574.0,59576.0,59578.0,59580.0,59582.0,59584.0,59586.0,59588.0,59590.0,59592.0,59594.0,59596.0,59598.0,59600.0,59602.0,59603.5,59605.5,59606.5,59607.5,59609.5,59610.5,59611.5,59612.5,59613.5,59614.5,59615.5,59616.5,59617.5,59618.5,59619.5,59620.5,59621.5,59622.5,59623.5,59624.5,59625.5,59626.5,59627.5,59628.5,59629.5,59630.5,59631.5,59632.5,59633.5,59634.5,59635.5,59636.5,59637.5,59638.5,59639.5,59640.5,59641.5,59642.5,59642.5,59643.5,59643.5,59643.5,59644.5,59644.5,59645.5,59645.5,59645.5,59645.5,59645.5,59645.5,59645.5,59646.5,59646.5,59646.5,59646.5,59646.5,59646.5,59646.5,59646.5,59646.5,59646.5,59646.5,59646.5,59646.5,59646.5,59646.5,59646.5,59646.5,59646.5,59646.5,59646.5,59646.5,59646.5,59646.5,59646.5,59646.5,59646.5,59646.5,59646.5,59646.5,59646.5,59646.5,59646.5,59646.5,59646.5,59646.5,59646.5,59646.5,59646.5,59646.5,59646.5,59646.5,59646.5,59646.5,59646.5,59646.5,59646.5,59646.5,59646.5,59646.5,59646.5
Machakos,0.0,0.0,1.0,2.0,4.0,6.0,9.0,12.0,15.0,18.0,22.0,27.0,32.0,37.0,43.0,49.0,55.0,61.0,67.0,73.0,80.0,87.0,94.0,102.0,110.0,118.0,126.0,134.0,142.0,150.0,158.0,166.0,175.0,184.0,193.0,203.0,213.0,223.0,234.0,244.0,254.0,265.0,276.5,288.5,300.5,313.5,326.5,339.5,352.5,366.5,380.5,394.5,409.5,424.5,440.5,457.0,473.0,490.0,508.0,527.0,545.0,564.0,584.0,604.0,626.0,647.0,669.0,692.0,715.0,740.0,765.5,791.5,817.5,844.5,872.5,900.5,929.5,960.5,990.5,1022.5,1055.5,1088.5,1123.5,1159.5,1195.5,1231.5,1269.5,1308.5,1349.5,1391.5,1433.0,1478.0,1523.0,1570.5,1618.5,1668.5,1717.5,1769.5,1824.0,1878.5,1933.5,1992.5,2050.5,2110.5,2171.5,2236.0,2303.5,2370.5,2440.5,2513.5,2588.5,2665.5,2744.0,2826.0,2906.5,2991.5,3076.5,3162.5,3256.0,3349.5,3444.5,3543.5,3646.0,3751.0,3855.5,3965.0,4078.0,4194.5,4314.0,4439.0,4566.5,4695.5,4825.5,4960.5,5101.0,5240.5,5383.0,5533.5,5682.0,5843.0,6009.5,6176.0,6348.5,6524.0,6701.0,6888.0,7082.0,7278.5,7477.0,7677.5,7893.0,8109.0,8328.0,8559.5,8789.5,9031.5,9275.5,9532.0,9792.5,10061.0,10334.0,10614.5,10898.0,11199.0,11508.5,11825.0,12141.5,12474.5,12818.0,13164.0,13518.0,13884.0,14263.0,14655.0,15066.5,15483.0,15923.5,16382.0,16851.5,17351.0,17858.0,18388.0,18929.0,19489.0,20073.0,20677.0,21302.5,21951.0,22623.5,23320.5,24023.5,24772.5,25544.0,26332.0,27174.5,28033.0,28917.5,29828.0,30759.5,31745.5,32767.5,33811.0,34885.5,36007.0,37166.5,38369.5,39594.5,40883.5,42226.5,43575.5,44982.0,46415.0,47886.5,49434.0,51023.0,52657.5,54338.5,56087.0,57907.5,59772.0,61702.0,63647.5,65701.0,67777.0,69923.5,72112.5,74332.0,76628.5,78922.0,81259.5,83647.5,86081.5,88557.0,91038.0,93552.0,96109.0,98719.0,101355.5,104050.5,106769.5,109550.5,112311.5,115178.5,118048.5,120923.5,123872.5,126816.5,129796.0,132791.0,135821.5,138891.5,141982.0,145110.5,148304.5,151480.0,154670.5,157943.5,161226.5,164525.5,167813.5,171117.5,174465.0,177872.0,181296.5,184714.0,188146.0,191601.5,195101.0,198562.5,202034.0,205503.5,209034.5,212524.0,216048.0,219567.5,223092.0,226592.5,230089.5,233584.5,237075.5,240557.5,244031.0,247486.0,250904.5,254295.5,257687.0,261040.5,264378.0,267743.5,271062.0,274359.0,277641.0,280910.0,284171.5,287389.0,290607.0,293801.0,296964.5,300118.0,303260.5,306399.5,309548.5,312698.5,315866.5,319029.0,322158.0,325293.5,328413.5,331515.5,334645.0,337743.0,340836.0,343903.0,346949.0,349999.0,353020.0,356016.5,359012.0,362014.0,364993.5,367927.0,370878.0,373787.0,376693.5,379608.0,382443.0,385289.5,388082.5,390862.0,393655.5,396381.5,399100.5,401769.5,404393.5,406992.0,409575.5,412142.0,414651.5,417157.0,419638.5,422066.0,424459.0,426819.5,429141.0,431466.0,433725.5,435964.0,438183.0,440357.5,442503.5,444624.5,446721.5,448778.0,450791.5,452782.5,454736.5,456661.5,458559.5,460430.5,462267.0,464059.5,465834.0,467573.0,469285.5,470987.0,472632.0,474280.5,475896.5,477489.0,479021.5,480553.0,482072.5,483539.5,484997.5,486441.5,487853.5,489227.5,490586.5,491933.0,493255.0,494536.0,495799.0,497043.5,498245.5,499435.0,500598.0,501763.0,502895.0,504011.5,505105.0,506179.0,507249.5,508279.0,509297.0,510289.0,511254.0,512177.0,513098.5,513981.0,514851.5,515705.5,516529.5,517320.0,518100.0,518861.0,519603.0,520331.0,521017.5,521725.5,522406.0,523060.0,523709.0,524345.5,524960.0,525570.5,526157.5,526733.0,527291.0,527846.5,528392.5,528919.0,529451.5,529970.0,530469.5,530973.0,531455.0,531924.5,532388.0,532853.5,533306.0,533758.0,534203.5,534627.0,535054.0,535466.5,535873.0,536265.0,536656.5,537040.5,537424.5,537794.0,538153.5,538508.5,538860.0,539197.0,539535.0,539856.0,540183.0,540500.0,540813.5,541124.5,541423.0,541714.5,542004.5,542288.5,542564.5,542839.0,543108.0,543375.5,543633.0,543887.5,544135.0,544380.5,544624.5,544858.0,545090.5,545316.5,545540.5,545752.5,545967.5,546176.0,546380.0,546578.0,546781.5,546978.5,547166.5,547354.0,547537.0,547714.0,547891.5,548061.5,548231.0,548395.5,548555.5,548715.0,548868.5,549021.5,549174.0,549322.0,549465.5,549606.5,549747.5,549884.5,550020.5,550155.5,550286.5,550417.0,550541.5,550664.0,550783.0,550902.5,551019.0,551127.5,551239.0,551346.5,551452.0,551558.5,551663.0,551763.5,551861.5,551960.0,552055.0,552146.5,552236.5,552325.5,552412.0,552498.0,552579.0,552659.0,552738.0,552813.5,552886.5,552958.5,553026.0,553096.0,553164.0,553229.5,553294.5,553357.5,553416.5,553473.5,553530.5,553585.5,553639.0,553692.0,553746.0,553796.0,553845.5,553897.5,553948.0,553995.0,554046.0,554093.0,554140.0,554183.0,554228.5,554272.5,554315.5,554357.5,554401.0,554442.0,554481.0,554519.0,554556.5,554594.0,554630.5,554666.0,554701.0,554736.0,554771.0,554803.0,554836.5,554869.5,554901.5,554932.0,554963.5,554994.0,555023.0,555052.0,555080.0,555108.0,555135.0,555160.5,555186.5,555212.5,555238.5,555263.5,555288.5,555312.5,555335.5,555358.5,555381.5,555404.5,555425.5,555445.5,555466.5,555487.5,555507.5,555526.5,555545.5,555563.5,555581.5,555598.5,555616.5,555633.5,555650.5,555666.5,555681.5,555696.5,555710.5,555724.5,555739.0,555752.0,555765.0,555778.0,555792.0,555805.0,555817.0,555828.0,555839.0,555851.0,555862.0,555873.0,555884.0,555894.0,555904.0,555914.0,555923.0,555933.0,555942.0,555951.0,555959.0,555968.0,555976.0,555984.0,555991.0,555999.0,556006.0,556014.0,556021.0,556028.0,556035.0,556042.0,556048.0,556055.0,556061.0,556067.0,556073.0,556079.0,556085.0,556091.0,556097.0,556102.5,556107.5,556112.5,556117.5,556122.5,556127.5,556131.5,556135.5,556139.5,556143.5,556147.5,556151.5,556155.5,556159.5,556163.5,556166.5
Makueni,0.0,0.0,0.0,0.0,0.0,0.0,0.0,0.0,0.0,0.0,1.0,2.0,3.0,4.0,5.0,6.0,7.0,8.0,9.0,10.0,11.0,12.0,14.0,15.5,17.5,19.5,21.5,23.5,25.5,27.5,29.5,31.5,33.5,35.5,37.5,39.5,42.5,44.5,46.5,49.5,52.5,55.5,58.5,61.5,64.5,67.5,70.5,73.5,77.5,81.5,85.5,89.5,93.5,97.5,102.5,107.5,112.5,117.5,122.5,127.5,133.5,139.5,145.5,151.5,157.5,163.5,169.5,176.5,183.5,190.5,198.5,206.5,214.5,223.0,232.0,241.0,251.0,260.0,270.0,280.5,290.5,301.5,312.0,324.0,336.5,348.5,361.5,374.5,388.5,402.5,416.5,430.5,445.0,460.0,476.0,492.5,510.5,528.5,546.5,566.0,586.0,606.5,626.5,647.5,669.5,692.5,716.5,741.5,766.0,792.0,819.0,847.0,876.0,905.5,936.0,968.0,1000.0,1034.0,1068.0,1103.5,1141.5,1179.5,1219.5,1258.5,1298.0,1342.5,1386.5,1431.0,1477.5,1526.5,1574.5,1626.5,1680.0,1735.5,1791.5,1850.5,1907.5,1968.5,2028.5,2093.5,2161.5,2229.5,2299.5,2372.5,2449.0,2525.0,2604.0,2690.5,2776.0,2861.0,2950.0,3044.0,3141.5,3239.5,3342.5,3453.5,3559.0,3674.5,3785.5,3902.5,4022.5,4151.0,4284.5,4418.5,4559.0,4701.0,4847.5,4996.5,5154.0,5318.0,5484.0,5655.5,5830.0,6013.0,6206.0,6400.0,6613.0,6825.0,7051.5,7288.5,7543.5,7799.0,8069.5,8345.0,8632.0,8926.5,9240.5,9563.5,9904.0,10255.5,10623.0,11008.0,11399.0,11806.0,12229.5,12662.5,13116.5,13582.0,14060.5,14567.0,15106.5,15642.5,16204.0,16787.5,17388.0,18024.0,18674.5,19345.5,20047.5,20773.5,21540.5,22327.0,23137.5,23980.5,24860.0,25758.5,26702.5,27664.5,28655.0,29682.0,30750.0,31859.0,33030.0,34231.5,35455.5,36708.0,38000.0,39304.0,40646.5,42012.0,43402.0,44818.5,46278.0,47763.0,49273.0,50824.5,52404.5,54016.5,55657.0,57313.5,58994.0,60739.0,62496.0,64274.5,66050.5,67876.0,69735.5,71648.0,73603.0,75558.0,77553.5,79583.0,81634.0,83730.0,85822.5,87971.5,90145.5,92348.5,94564.5,96799.0,99067.0,101355.0,103660.0,105989.0,108353.0,110735.5,113122.0,115554.0,118002.0,120470.5,122928.5,125422.0,127923.0,130429.5,132949.0,135485.5,137998.5,140549.0,143123.0,145692.5,148251.5,150796.0,153351.0,155914.5,158456.5,160986.0,163517.5,166045.5,168580.5,171098.5,173600.5,176088.0,178592.0,181050.0,183513.0,185947.5,188365.5,190779.5,193193.0,195614.5,198050.0,200488.0,202924.0,205359.5,207793.0,210245.5,212692.5,215140.0,217605.0,220053.0,222508.0,224942.0,227395.0,229818.0,232257.5,234658.5,237066.0,239472.5,241858.5,244242.5,246612.0,248968.0,251286.0,253618.0,255919.5,258221.5,260500.5,262766.0,265007.5,267222.0,269445.5,271630.5,273806.5,275941.0,278074.5,280199.0,282272.0,284341.5,286373.0,288397.5,290350.5,292283.0,294197.5,296070.0,297940.0,299758.0,301573.5,303371.0,305120.5,306830.0,308522.5,310188.5,311820.5,313405.0,315000.5,316547.5,318068.0,319581.5,321050.0,322496.0,323904.0,325303.0,326664.5,327997.0,329314.5,330573.5,331849.5,333079.0,334283.0,335476.0,336639.5,337775.5,338893.0,339988.0,341065.5,342119.0,343144.0,344146.0,345124.5,346089.5,347016.0,347933.5,348850.5,349725.5,350575.0,351421.0,352249.5,353066.0,353858.5,354629.5,355383.0,356126.0,356862.0,357565.5,358253.0,358923.0,359569.0,360182.0,360792.0,361370.5,361939.0,362497.0,363029.0,363553.0,364060.5,364558.5,365039.0,365508.5,365959.5,366395.5,366818.5,367230.0,367632.0,368025.0,368407.5,368779.5,369140.0,369501.0,369840.5,370174.5,370508.0,370831.0,371144.5,371455.0,371759.0,372053.5,372341.0,372622.0,372904.5,373172.5,373441.5,373704.0,373959.0,374211.5,374452.5,374692.0,374923.5,375149.0,375369.5,375588.0,375797.0,375998.5,376201.5,376395.0,376590.0,376778.0,376964.0,377145.5,377328.0,377503.0,377673.0,377840.5,378007.0,378163.5,378318.5,378473.5,378623.0,378765.0,378907.5,379048.5,379187.5,379321.5,379450.0,379579.0,379702.0,379820.5,379943.0,380060.5,380174.5,380283.5,380393.5,380500.0,380607.0,380709.0,380811.0,380910.0,381005.0,381096.5,381190.5,381281.0,381370.0,381457.5,381541.5,381624.5,381704.5,381783.0,381858.0,381935.0,382009.0,382082.0,382152.0,382220.5,382290.0,382357.0,382422.5,382486.0,382548.0,382607.5,382665.5,382723.5,382779.5,382834.0,382887.0,382940.5,382992.5,383043.5,383093.5,383142.0,383190.5,383236.5,383282.0,383328.0,383371.5,383415.5,383456.5,383495.5,383533.5,383571.5,383608.5,383642.5,383676.5,383710.0,383742.0,383773.0,383805.5,383834.0,383863.0,383890.5,383915.5,383943.5,383970.0,383995.0,384019.0,384042.5,384065.5,384088.5,384109.5,384130.5,384151.5,384172.5,384192.5,384212.5,384230.5,384250.0,384269.0,384288.0,384307.0,384325.0,384343.0,384361.0,384377.5,384394.5,384411.5,384426.5,384441.5,384456.5,384470.5,384484.5,384498.0,384512.0,384527.0,384541.0,384554.0,384567.0,384579.0,384592.0,384604.0,384615.0,384627.0,384638.0,384649.0,384660.0,384671.0,384681.5,384691.5,384701.5,384711.5,384721.5,384730.0,384740.0,384749.0,384758.0,384767.0,384775.5,384783.5,384791.5,384799.5,384807.5,384815.5,384823.5,384830.5,384837.5,384844.5,384851.0,384857.0,384863.0,384870.0,384876.0,384882.0,384888.0,384894.0,384900.0,384905.0,384910.0,384915.0,384920.0,384924.5,384929.5,384934.5,384939.5,384944.5,384949.0,384953.0,384957.0,384961.0,384965.0,384968.0,384972.0,384976.0,384979.0,384982.0,384985.0,384988.0,384991.0,384994.0,384997.0,384999.0,385002.0,385004.5,385006.5,385009.5,385012.5,385014.5,385017.5,385019.5,385021.5,385023.5,385025.5,385027.5,385029.5,385031.5,385033.5,385035.5,385037.0,385039.0,385041.0,385042.0,385044.0,385046.0,385047.0,385049.0,385050.0,385051.0,385052.0,385053.0,385054.0,385055.0,385056.0
Mandera,62.5,119.5,163.5,204.5,248.5,295.5,347.5,404.5,465.5,533.5,606.5,687.5,775.5,871.5,973.5,1083.0,1192.0,1301.0,1411.0,1517.0,1626.0,1738.0,1852.5,1966.0,2083.0,2202.0,2327.0,2453.0,2580.0,2712.0,2845.5,2981.5,3120.5,3262.5,3407.5,3555.5,3706.5,3862.0,4021.0,4181.5,4347.0,4515.5,4689.5,4864.0,5045.5,5227.5,5414.5,5604.5,5799.0,5998.0,6203.0,6412.0,6628.0,6844.5,7064.5,7290.5,7519.5,7751.0,7987.5,8231.0,8483.0,8736.5,8997.5,9260.5,9530.0,9804.5,10084.0,10372.0,10664.0,10962.0,11268.5,11576.0,11891.0,12217.0,12550.5,12885.5,13226.0,13580.0,13943.0,14309.0,14683.5,15063.5,15450.0,15845.0,16252.5,16657.0,17073.5,17501.5,17932.5,18375.5,18829.5,19288.0,19750.5,20229.0,20712.0,21213.0,21714.5,22231.0,22759.5,23292.0,23829.0,24387.0,24954.5,25530.5,26109.0,26703.5,27316.0,27924.0,28552.0,29191.5,29842.0,30503.5,31169.5,31852.5,32548.5,33251.0,33966.5,34688.5,35428.0,36176.5,36934.5,37710.5,38500.5,39298.0,40098.5,40927.0,41760.0,42604.0,43458.5,44338.5,45220.5,46121.5,47040.5,47962.5,48901.5,49850.0,50816.0,51780.5,52768.0,53780.0,54788.5,55807.0,56855.5,57919.0,58998.5,60079.5,61180.0,62288.5,63401.0,64555.5,65701.5,66866.0,68030.0,69230.5,70448.0,71659.5,72892.5,74148.0,75401.0,76665.0,77951.5,79248.0,80561.0,81883.0,83203.0,84554.0,85918.0,87289.0,88660.5,90074.5,91493.5,92909.0,94349.5,95818.5,97308.0,98827.5,100360.0,101936.5,103550.0,105180.0,106848.5,108515.5,110216.5,111944.0,113687.0,115445.5,117238.0,119056.5,120895.0,122740.5,124620.0,126500.5,128413.0,130347.0,132299.5,134258.0,136243.0,138256.0,140267.5,142291.5,144341.5,146401.0,148477.0,150585.5,152696.0,154809.0,156932.5,159093.0,161254.0,163402.0,165566.5,167741.0,169915.0,172089.5,174267.0,176458.0,178647.5,180819.5,183014.5,185195.5,187351.5,189533.5,191712.5,193860.0,196001.0,198117.0,200214.0,202280.0,204320.5,206318.0,208299.5,210249.0,212164.0,214066.0,215937.5,217786.5,219611.5,221428.5,223211.5,224976.5,226721.0,228431.0,230125.0,231798.5,233446.0,235068.5,236666.5,238251.5,239800.0,241344.5,242863.5,244350.0,245824.5,247271.5,248700.5,250110.0,251492.0,252858.5,254197.5,255519.0,256837.5,258127.5,259399.5,260643.0,261867.0,263059.5,264245.0,265410.0,266567.0,267689.0,268785.0,269879.5,270950.0,271998.0,273024.0,274030.0,275014.5,275974.0,276923.0,277854.0,278765.5,279654.5,280528.0,281388.5,282245.0,283075.0,283877.0,284668.5,285446.0,286217.5,286973.0,287710.5,288429.0,289136.5,289843.5,290529.5,291202.5,291850.5,292495.5,293141.5,293777.0,294405.5,295025.5,295631.5,296237.0,296841.5,297436.0,298014.0,298588.5,299159.5,299719.0,300272.0,300815.0,301357.0,301884.0,302403.0,302930.5,303440.5,303938.5,304428.0,304920.0,305401.0,305870.0,306338.0,306794.5,307246.0,307689.5,308130.5,308559.5,308988.0,309412.0,309831.0,310234.5,310637.5,311035.0,311426.0,311813.0,312200.5,312582.5,312957.0,313326.0,313685.5,314036.5,314393.5,314742.0,315082.0,315419.0,315749.0,316074.0,316395.0,316721.0,317033.5,317347.0,317658.0,317959.0,318260.0,318553.5,318846.5,319136.5,319420.0,319696.5,319972.5,320247.5,320515.0,320775.5,321034.5,321290.0,321546.5,321795.0,322045.0,322296.0,322538.0,322773.0,323012.5,323244.5,323476.5,323712.0,323933.5,324152.0,324370.5,324587.5,324801.0,325009.0,325216.0,325420.0,325621.0,325819.0,326012.0,326210.5,326404.0,326590.5,326782.5,326967.5,327148.5,327325.5,327498.5,327665.5,327826.5,327994.5,328152.5,328304.5,328455.5,328601.0,328751.0,328892.0,329033.5,329170.5,329306.0,329439.0,329569.0,329693.5,329822.0,329947.0,330067.0,330185.0,330305.5,330419.0,330530.0,330640.5,330753.5,330863.0,330970.0,331076.0,331184.0,331291.0,331397.5,331500.0,331602.5,331703.5,331801.5,331895.5,331993.5,332088.5,332181.5,332273.0,332364.0,332456.0,332544.0,332628.0,332713.0,332799.0,332884.0,332968.0,333049.5,333130.0,333208.0,333287.0,333367.0,333442.5,333517.5,333593.5,333665.5,333738.5,333810.5,333880.0,333946.5,334014.0,334080.0,334144.0,334210.0,334273.0,334335.0,334396.5,334456.5,334516.0,334573.5,334632.5,334689.5,334745.5,334800.0,334853.0,334908.0,334961.0,335012.0,335064.0,335112.5,335160.5,335209.5,335256.5,335303.5,335350.5,335395.5,335441.5,335484.5,335527.5,335572.0,335614.0,335657.0,335699.5,335738.5,335778.5,335817.0,335855.0,335891.5,335927.5,335963.5,335999.5,336034.5,336069.5,336103.0,336137.0,336169.0,336202.0,336235.0,336266.0,336296.0,336326.0,336356.0,336386.0,336414.5,336442.5,336470.0,336498.5,336524.5,336550.0,336574.5,336597.5,336621.0,336644.0,336665.0,336687.0,336709.0,336729.0,336749.0,336769.0,336786.0,336805.0,336823.0,336841.5,336858.5,336875.5,336891.5,336908.0,336924.0,336939.0,336954.0,336968.0,336983.0,336998.0,337013.0,337027.0,337042.0,337056.0,337069.0,337082.0,337094.0,337107.0,337119.0,337131.5,337144.0,337155.5,337167.5,337180.5,337191.5,337202.5,337213.5,337224.5,337234.5,337243.5,337253.5,337263.5,337273.5,337283.5,337292.5,337301.5,337309.5,337318.5,337327.5,337335.5,337344.5,337352.5,337360.5,337368.5,337376.5,337384.5,337391.5,337398.5,337405.5,337412.5,337419.5,337426.5,337433.5,337440.5,337447.5,337453.5,337459.5,337466.5,337472.5,337478.5,337484.5,337490.5,337495.5,337500.5,337505.5,337510.5,337515.5,337520.5,337524.5,337529.5,337533.5,337537.5,337541.5,337545.5,337549.5,337552.5,337556.5,337560.5,337564.0,337567.0,337571.0,337574.0,337578.0,337581.0,337584.0,337587.0,337590.0,337593.0,337596.0,337599.0,337602.0,337605.0,337607.0,337609.0,337611.0,337613.0,337615.0,337617.0,337619.0,337621.0,337623.0,337625.0,337627.0,337629.0,337631.0,337633.0,337635.0,337636.0,337637.0,337638.0,337639.0,337640.0,337642.0,337644.0,337646.0,337647.0,337648.0,337649.0,337650.0,337651.0,337652.0,337653.0,337654.0,337655.0,337656.0,337657.0,337658.0,337659.0,337660.0
Marsabit,0.0,0.0,0.0,0.0,0.0,0.0,0.0,0.0,0.0,0.0,0.0,0.0,0.0,0.0,0.0,0.0,0.0,0.0,0.0,0.0,0.0,0.0,0.0,0.0,0.0,0.0,0.0,0.0,0.0,0.0,0.0,0.0,0.0,0.0,1.0,1.0,1.0,1.5,1.5,2.5,2.5,3.5,4.5,5.5,6.5,7.5,8.5,9.5,10.5,11.5,12.5,13.5,14.5,15.5,16.5,17.5,18.5,19.5,20.5,21.5,23.5,24.5,26.5,28.5,30.5,32.5,34.5,36.5,38.5,40.5,42.5,44.5,46.5,48.5,50.5,53.5,56.5,59.5,62.5,65.5,68.5,71.5,74.5,78.5,82.5,86.5,90.5,94.5,98.5,102.5,106.5,111.5,116.0,121.0,126.0,131.0,136.0,141.5,147.5,153.5,159.5,165.5,171.5,178.0,185.0,192.0,199.0,207.0,215.0,222.0,231.0,239.0,248.0,257.0,265.0,274.5,284.5,294.5,305.5,316.0,328.0,340.0,351.5,364.0,376.0,390.0,403.0,416.0,430.0,444.0,458.0,474.0,490.0,506.5,523.5,542.5,560.5,578.5,598.5,618.5,638.5,659.0,679.0,701.0,724.0,746.0,770.0,795.5,821.5,848.0,877.0,904.0,933.0,963.0,993.0,1026.0,1060.5,1092.5,1129.0,1165.0,1201.0,1238.0,1279.0,1317.5,1357.5,1400.5,1443.5,1488.5,1533.5,1582.0,1633.0,1684.0,1737.0,1789.5,1846.5,1906.5,1968.0,2030.5,2095.5,2163.5,2234.5,2304.0,2380.5,2456.0,2538.0,2626.5,2712.5,2803.5,2894.5,2990.0,3089.0,3194.0,3302.0,3416.0,3529.5,3647.5,3768.5,3903.0,4037.5,4175.5,4321.5,4472.5,4624.5,4788.0,4950.5,5122.5,5307.5,5497.0,5682.5,5884.5,6096.5,6312.0,6529.5,6758.0,7000.5,7250.0,7502.0,7767.5,8034.0,8312.0,8598.0,8895.5,9202.0,9529.5,9864.0,10205.5,10547.5,10905.0,11271.0,11636.0,12008.0,12383.0,12780.5,13175.5,13584.5,13987.5,14402.0,14833.5,15268.0,15715.0,16157.5,16613.5,17090.0,17577.0,18068.5,18572.5,19081.5,19602.5,20134.5,20675.0,21222.0,21798.5,22372.0,22955.0,23559.0,24176.0,24797.5,25431.0,26063.5,26702.5,27366.0,28038.0,28722.5,29425.0,30129.5,30830.5,31548.0,32289.5,33053.5,33799.5,34572.0,35346.0,36129.5,36918.0,37748.5,38575.5,39412.5,40250.5,41095.5,41957.5,42821.5,43714.5,44604.0,45508.5,46410.5,47341.0,48276.0,49218.0,50181.0,51142.5,52129.5,53119.5,54107.5,55113.0,56116.5,57131.0,58152.5,59181.5,60235.0,61298.0,62386.5,63492.5,64598.0,65723.0,66857.5,68001.5,69160.0,70335.0,71512.0,72708.0,73909.0,75109.0,76318.0,77521.0,78741.5,79965.0,81195.5,82422.5,83665.5,84906.5,86152.0,87404.0,88660.5,89913.5,91144.0,92410.5,93673.5,94938.5,96218.0,97477.0,98749.0,100011.0,101282.0,102565.0,103841.5,105118.5,106379.5,107633.0,108894.5,110136.5,111377.5,112618.5,113852.5,115082.0,116311.0,117529.0,118745.0,119947.0,121147.0,122351.5,123526.0,124726.5,125899.0,127076.5,128231.5,129405.0,130560.0,131712.5,132865.0,133996.0,135122.5,136220.0,137299.5,138378.0,139460.0,140511.5,141541.5,142549.5,143561.5,144571.5,145557.5,146527.5,147488.5,148436.0,149368.0,150282.5,151178.0,152062.0,152928.5,153770.0,154609.0,155420.5,156233.0,157031.0,157816.0,158590.5,159338.0,160082.5,160800.5,161523.5,162221.0,162889.0,163567.0,164236.0,164877.5,165497.0,166101.5,166698.5,167265.5,167815.5,168356.0,168883.5,169379.5,169870.0,170354.0,170817.5,171272.0,171712.0,172153.5,172578.5,172988.0,173376.5,173756.5,174129.5,174489.5,174845.0,175197.0,175527.5,175853.0,176167.5,176481.5,176788.0,177097.0,177396.0,177683.5,177968.5,178248.5,178522.5,178790.5,179054.0,179310.0,179561.5,179799.0,180040.5,180270.5,180496.0,180725.5,180945.0,181156.0,181360.0,181561.5,181754.5,181946.5,182128.5,182309.5,182487.5,182665.5,182836.0,183004.5,183167.0,183327.0,183481.0,183632.0,183781.0,183923.5,184065.0,184200.0,184334.5,184467.5,184597.0,184720.0,184840.5,184956.0,185070.5,185179.0,185288.0,185394.5,185500.0,185601.5,185698.5,185795.5,185889.0,185984.5,186071.5,186158.5,186245.5,186328.0,186406.5,186486.5,186562.5,186639.5,186712.0,186784.0,186853.0,186923.0,186993.5,187059.5,187123.5,187186.0,187248.0,187307.5,187364.5,187422.5,187478.5,187533.0,187585.0,187636.0,187685.0,187732.0,187781.0,187828.0,187874.0,187918.5,187962.0,188003.5,188046.0,188087.0,188126.5,188165.0,188203.5,188238.5,188275.5,188310.5,188344.0,188377.5,188409.5,188440.0,188469.0,188498.0,188525.0,188552.0,188577.0,188603.5,188629.5,188654.5,188676.5,188699.5,188721.5,188743.5,188764.5,188783.5,188803.5,188821.5,188840.0,188857.0,188875.0,188893.0,188910.0,188926.0,188942.0,188957.5,188972.5,188986.5,189000.5,189014.5,189027.5,189040.5,189054.0,189068.0,189082.0,189095.0,189107.0,189119.0,189132.0,189143.0,189154.0,189164.0,189175.0,189184.5,189194.5,189204.5,189213.5,189221.5,189231.5,189240.5,189249.5,189257.0,189265.0,189273.0,189280.0,189288.0,189295.0,189302.0,189309.0,189316.0,189323.0,189329.0,189335.5,189341.5,189346.5,189352.5,189357.5,189362.5,189367.5,189373.5,189378.5,189383.5,189388.5,189393.5,189398.5,189403.5,189407.5,189411.5,189415.5,189419.5,189423.5,189427.5,189431.5,189434.5,189437.5,189440.5,189443.5,189446.5,189449.5,189452.5,189455.5,189458.5,189461.5,189464.5,189467.0,189470.0,189473.0,189475.0,189477.0,189479.0,189481.0,189483.0,189485.0,189487.0,189489.0,189491.0,189493.0,189495.0,189497.0,189499.0,189500.0,189501.0,189502.0,189503.0,189504.5,189505.5,189506.5,189507.5,189508.5,189509.5,189510.5,189511.5,189512.5,189513.5,189514.5,189515.5,189516.5,189517.5,189518.5,189519.5,189520.5,189521.5,189522.5,189523.5,189524.5,189525.5,189526.5,189527.5,189528.5,189529.5,189530.5,189530.5,189530.5
Meru,0.0,0.0,0.0,0.0,0.0,0.0,0.0,0.0,0.0,0.0,0.0,0.0,1.0,2.0,3.0,4.0,5.0,6.0,7.0,8.0,9.0,10.0,11.0,12.0,13.0,14.0,15.0,16.0,17.0,18.0,20.0,22.0,24.0,26.0,28.0,30.0,32.0,34.0,36.0,38.0,40.0,42.0,45.0,47.0,50.0,53.0,56.0,59.0,62.0,65.0,68.0,71.0,75.0,78.0,82.0,85.0,89.0,93.0,96.0,100.0,104.0,108.0,113.0,118.0,122.0,127.0,132.0,137.0,142.0,147.0,153.0,159.0,165.0,171.0,177.0,183.0,190.0,197.0,204.0,212.0,219.0,227.0,236.0,244.0,253.0,261.0,270.0,280.0,289.0,299.0,309.5,320.5,330.5,341.5,353.5,365.5,378.5,391.5,404.5,417.0,431.0,444.5,458.5,473.0,488.0,504.0,520.5,537.5,555.5,573.5,591.5,609.5,628.5,648.5,668.5,690.5,712.5,734.5,757.5,781.5,805.5,830.5,856.5,882.5,909.5,936.5,965.0,994.0,1023.0,1053.5,1086.5,1118.5,1150.5,1183.5,1218.5,1254.5,1292.5,1330.5,1368.5,1409.0,1450.0,1493.0,1536.0,1581.5,1627.5,1675.5,1724.5,1773.5,1824.5,1875.5,1929.5,1985.5,2044.0,2101.5,2160.5,2218.5,2282.5,2349.5,2414.0,2481.0,2549.5,2622.0,2694.0,2768.0,2845.5,2926.5,3010.0,3092.5,3180.5,3267.5,3356.5,3451.0,3546.5,3642.5,3744.5,3850.5,3961.5,4077.5,4201.0,4324.0,4451.5,4584.5,4722.5,4868.0,5013.5,5167.5,5331.5,5500.0,5676.0,5854.5,6041.5,6233.5,6431.0,6635.0,6847.5,7062.0,7290.0,7523.5,7762.0,8012.0,8270.5,8546.5,8829.0,9111.5,9413.5,9723.5,10040.5,10371.5,10718.5,11078.5,11451.0,11841.0,12244.5,12653.0,13074.0,13510.5,13958.5,14420.5,14904.5,15408.5,15924.0,16462.5,17020.0,17602.5,18219.5,18821.5,19452.0,20100.0,20760.0,21420.0,22092.0,22799.0,23517.5,24232.5,24982.5,25744.0,26528.0,27339.5,28146.5,28992.5,29846.5,30707.0,31596.0,32505.0,33447.0,34405.0,35362.0,36369.5,37379.5,38429.5,39493.0,40575.0,41678.5,42788.0,43926.5,45109.0,46294.0,47519.0,48764.5,50010.0,51300.5,52603.5,53951.5,55315.5,56709.0,58117.0,59591.0,61092.5,62602.0,64151.0,65720.0,67299.0,68935.5,70608.5,72282.0,73996.0,75705.0,77491.0,79284.5,81118.0,82958.0,84848.0,86794.5,88750.5,90727.5,92743.5,94773.5,96858.0,98971.5,101078.0,103210.5,105423.5,107631.5,109904.5,112184.5,114494.5,116835.0,119191.0,121573.5,123998.0,126502.5,129049.5,131649.0,134309.5,137056.5,139826.0,142639.0,145525.5,148441.5,151431.5,154453.0,157504.5,160617.5,163780.5,166966.5,170220.5,173513.5,176853.0,180220.5,183654.0,187150.0,190656.0,194176.0,197767.5,201369.5,205005.0,208666.0,212366.0,216068.0,219802.5,223535.0,227321.5,231117.0,234936.5,238769.5,242569.0,246370.5,250197.5,254048.0,257892.0,261705.0,265556.0,269414.5,273263.0,277091.5,280949.0,284795.0,288646.0,292486.5,296330.0,300174.5,303977.5,307797.0,311598.5,315404.0,319201.0,323004.5,326773.5,330540.5,334279.5,338034.5,341776.0,345480.5,349139.5,352786.5,356451.0,360073.0,363668.5,367249.5,370806.5,374348.5,377860.0,381316.5,384751.5,388159.5,391572.0,394957.0,398294.5,401622.5,404919.0,408183.0,411407.0,414584.5,417731.0,420837.0,423905.0,426933.0,429924.0,432853.5,435745.5,438595.5,441422.0,444198.0,446911.0,449558.0,452131.5,454636.5,457109.0,459501.5,461844.0,464143.5,466380.0,468546.5,470644.5,472692.5,474688.0,476682.0,478592.5,480452.0,482284.5,484069.0,485793.0,487501.0,489153.0,490753.0,492305.5,493827.0,495310.5,496759.0,498192.0,499595.5,500975.5,502323.0,503643.0,504924.5,506176.0,507424.5,508642.0,509842.0,511018.5,512164.5,513271.5,514359.5,515427.0,516477.0,517501.5,518498.0,519477.0,520439.0,521377.0,522289.5,523189.5,524064.5,524908.5,525745.5,526553.0,527347.5,528123.5,528901.0,529642.0,530359.5,531078.5,531774.0,532458.0,533114.5,533758.5,534380.5,534989.0,535595.0,536180.5,536751.0,537311.5,537860.5,538395.5,538916.0,539422.5,539912.5,540397.0,540866.5,541329.5,541782.0,542220.5,542658.0,543067.5,543477.0,543873.0,544261.5,544639.5,545013.0,545370.5,545720.0,546065.5,546402.5,546728.0,547049.0,547363.0,547672.5,547975.0,548268.0,548557.5,548844.0,549119.5,549383.5,549647.5,549902.0,550151.0,550396.0,550629.5,550856.5,551072.5,551294.0,551509.5,551716.5,551920.5,552118.5,552312.0,552500.5,552679.5,552862.0,553035.0,553206.5,553373.5,553536.0,553693.5,553850.0,553997.0,554143.0,554280.0,554415.5,554545.5,554670.5,554795.5,554915.0,555030.5,555144.0,555249.0,555350.0,555451.5,555550.5,555647.0,555740.0,555832.0,555917.0,556006.5,556087.5,556168.5,556244.5,556321.5,556398.0,556472.5,556545.5,556620.0,556691.0,556757.0,556824.5,556888.0,556953.0,557014.0,557075.0,557133.0,557191.0,557245.5,557301.5,557355.0,557407.5,557457.5,557505.0,557556.0,557602.5,557648.5,557694.5,557739.5,557785.0,557827.0,557868.0,557908.0,557946.5,557987.5,558023.5,558060.5,558097.5,558133.0,558166.0,558200.0,558233.0,558266.0,558298.0,558328.5,558357.5,558388.5,558417.0,558444.5,558472.5,558501.5,558528.0,558554.5,558580.5,558605.0,558628.0,558651.5,558673.5,558695.5,558716.5,558737.5,558757.5,558775.5,558794.5,558813.5,558831.5,558848.5,558866.0,558882.0,558898.0,558913.0,558928.0,558942.0,558955.5,558968.5,558981.5,558994.5,559006.5,559018.5,559030.5,559041.5,559053.5,559064.0,559074.0,559085.0,559095.0,559105.0,559114.0,559122.0,559130.0,559139.0,559148.0,559156.0,559164.5,559171.5,559179.5,559186.5,559194.5,559201.5,559208.5,559215.5,559221.5,559227.5,559233.5,559239.5,559244.5,559249.5,559254.5,559260.5,559265.5,559270.5,559275.0,559279.0,559283.0,559287.5,559291.5,559295.5,559299.5,559303.5,559307.5,559311.5,559314.5,559317.5,559320.5,559323.5
Migori,0.0,0.0,0.0,0.0,0.0,0.0,0.0,0.0,0.0,0.0,0.0,0.0,0.0,0.0,0.0,0.0,0.0,0.0,0.0,0.0,0.0,0.0,0.0,0.0,0.0,0.0,0.0,0.0,0.0,0.0,0.0,0.0,0.0,0.0,0.0,0.0,0.0,0.0,0.0,0.0,0.0,0.0,0.0,0.0,0.0,0.0,0.0,0.0,0.0,0.0,0.0,0.0,0.0,0.0,0.0,0.0,0.0,0.0,0.0,0.0,0.0,0.0,0.0,0.0,0.0,0.0,1.0,2.0,3.0,4.0,4.5,5.5,6.5,7.5,8.5,9.5,10.5,11.5,12.5,13.5,14.5,15.5,16.5,17.5,18.5,19.5,20.5,21.5,22.5,24.5,25.5,27.5,29.5,31.5,33.5,35.5,37.5,39.5,41.5,43.5,45.5,47.5,49.5,51.5,54.5,56.5,58.5,61.5,64.5,67.5,70.5,73.5,77.5,80.5,83.5,87.5,91.5,95.5,99.5,103.5,107.5,111.5,116.5,121.5,126.5,130.5,135.5,141.5,147.5,153.5,159.5,165.5,171.5,177.5,185.5,192.5,200.5,208.5,216.5,224.5,232.5,241.5,249.5,258.5,267.5,277.5,287.5,298.5,309.5,320.5,331.5,343.5,355.5,368.5,381.5,394.5,408.5,422.5,436.5,451.5,468.5,483.5,501.5,519.5,536.5,554.5,573.5,593.5,614.5,635.5,657.5,678.5,701.5,726.5,753.0,777.0,803.5,832.0,861.0,892.5,924.5,957.0,991.0,1026.0,1063.0,1102.0,1142.0,1185.5,1228.0,1273.0,1321.0,1372.5,1423.0,1473.0,1529.0,1588.0,1647.0,1708.5,1773.5,1840.5,1909.5,1982.0,2055.0,2132.0,2211.5,2295.0,2384.5,2475.5,2568.5,2665.5,2768.0,2874.0,2982.5,3094.5,3208.5,3332.0,3461.5,3589.5,3723.5,3862.5,4008.0,4154.0,4308.5,4467.5,4640.0,4814.5,4989.5,5171.0,5363.0,5553.5,5754.5,5951.5,6154.5,6365.0,6576.5,6793.5,7019.5,7254.0,7491.0,7735.5,7980.5,8247.0,8514.5,8790.0,9068.0,9355.5,9649.0,9956.0,10268.5,10580.5,10904.5,11240.0,11588.0,11938.5,12298.5,12673.0,13050.0,13439.5,13835.0,14237.5,14651.0,15073.5,15509.5,15955.0,16415.0,16885.5,17369.0,17859.5,18358.5,18870.0,19395.0,19942.5,20486.5,21055.0,21626.0,22195.5,22807.0,23432.0,24074.5,24710.0,25356.5,26037.0,26721.0,27412.0,28134.0,28871.5,29627.0,30383.0,31155.0,31936.0,32741.0,33550.0,34365.5,35225.0,36102.0,37011.5,37923.5,38857.5,39798.0,40767.0,41770.0,42801.0,43888.5,45006.0,46153.0,47324.5,48529.0,49754.0,51018.0,52315.0,53663.0,55052.0,56457.5,57886.0,59363.5,60866.5,62397.5,63990.5,65626.0,67291.0,68992.0,70728.0,72500.0,74330.0,76204.5,78084.5,80033.0,82001.0,84016.5,86093.5,88207.0,90356.0,92573.0,94838.5,97111.5,99456.5,101842.0,104248.0,106705.0,109188.0,111697.0,114257.5,116882.0,119541.0,122260.5,124970.5,127712.0,130520.0,133382.0,136234.0,139103.0,142004.5,144942.0,147906.5,150922.5,153971.5,157005.0,160092.0,163199.0,166328.0,169452.5,172607.5,175763.0,178949.0,182116.0,185293.0,188491.0,191699.5,194895.5,198116.5,201304.5,204477.0,207671.5,210870.0,214047.0,217216.0,220384.5,223552.5,226698.5,229831.0,232974.5,236118.5,239256.5,242366.0,245485.0,248586.5,251666.0,254712.5,257751.0,260766.5,263778.0,266769.5,269740.0,272682.5,275578.5,278427.5,281223.0,283977.5,286682.0,289351.0,291976.5,294566.0,297090.0,299609.5,302093.5,304521.5,306889.5,309243.5,311571.0,313854.0,316077.5,318287.0,320449.0,322594.0,324692.5,326725.5,328734.5,330723.5,332697.5,334670.5,336596.5,338494.0,340379.5,342252.5,344110.0,345928.5,347702.5,349454.5,351172.5,352854.5,354522.5,356167.0,357794.0,359384.0,360958.0,362484.0,363991.5,365452.5,366907.0,368349.0,369757.5,371127.0,372472.5,373791.5,375103.0,376361.0,377615.0,378836.5,380055.5,381230.0,382379.0,383503.5,384608.5,385683.0,386741.5,387775.0,388801.5,389785.5,390751.0,391699.0,392617.5,393517.0,394412.5,395293.0,396138.5,396977.5,397807.5,398602.5,399382.0,400130.0,400888.5,401619.0,402330.0,403031.5,403725.5,404400.5,405053.5,405711.5,406336.0,406935.5,407544.5,408124.5,408696.0,409256.5,409799.5,410330.5,410857.0,411370.0,411861.5,412364.0,412839.5,413302.0,413743.0,414196.5,414620.0,415047.5,415466.0,415878.5,416280.5,416668.0,417049.0,417414.0,417772.0,418116.0,418467.5,418804.0,419130.0,419450.5,419760.0,420060.0,420359.0,420655.0,420938.0,421208.5,421475.5,421731.5,421980.0,422214.5,422451.0,422680.0,422899.5,423105.5,423313.0,423516.0,423713.0,423898.5,424082.0,424258.5,424429.0,424596.5,424761.5,424916.5,425067.5,425220.0,425370.0,425509.5,425649.5,425782.0,425906.0,426036.5,426162.5,426285.5,426405.5,426530.5,426648.0,426762.5,426875.0,426984.0,427084.0,427186.5,427288.0,427386.0,427482.0,427578.5,427669.0,427759.0,427846.0,427931.5,428017.5,428099.5,428181.0,428258.0,428334.0,428404.5,428476.5,428549.5,428616.5,428685.5,428750.5,428814.5,428876.5,428937.5,428998.5,429055.5,429111.5,429167.5,429220.5,429273.5,429326.5,429375.5,429425.5,429475.5,429523.5,429570.5,429616.5,429658.5,429704.0,429743.5,429782.5,429823.0,429861.0,429900.5,429935.5,429966.5,430000.5,430033.5,430064.5,430095.5,430124.0,430152.5,430180.0,430207.0,430234.0,430258.5,430282.5,430305.5,430327.5,430351.0,430373.5,430394.5,430414.5,430433.5,430454.0,430471.5,430491.5,430508.5,430525.5,430542.5,430557.5,430573.0,430589.0,430603.0,430616.0,430630.0,430644.0,430658.0,430671.0,430683.0,430696.0,430708.0,430720.0,430731.0,430742.0,430753.0,430763.5,430773.5,430782.5,430791.5,430799.5,430809.5,430818.0,430826.0,430834.0,430842.0,430849.0,430857.0,430864.0,430871.0,430877.5,430884.5,430891.5,430897.5,430903.5,430909.5,430915.0,430921.0,430926.0,430931.0
Mombasa,94.0,177.0,231.5,270.5,303.5,334.5,365.5,395.5,427.5,460.5,494.5,528.5,563.5,600.5,637.5,677.5,716.5,754.5,792.5,829.5,865.5,900.5,935.5,971.0,1006.0,1040.5,1075.5,1111.5,1147.5,1184.5,1222.5,1259.5,1297.5,1335.5,1373.5,1411.5,1450.5,1490.5,1531.5,1571.5,1612.5,1653.5,1696.5,1739.5,1782.0,1824.0,1866.0,1908.0,1951.0,1994.0,2037.0,2081.0,2126.0,2171.0,2216.0,2262.0,2308.0,2355.5,2402.5,2448.5,2495.0,2543.0,2591.0,2641.0,2691.0,2741.0,2792.0,2844.0,2895.0,2946.5,2999.5,3051.5,3103.5,3158.5,3212.5,3267.5,3322.5,3378.0,3435.5,3491.5,3547.5,3605.5,3664.5,3723.5,3784.0,3845.0,3905.0,3965.5,4027.5,4089.5,4150.5,4214.0,4278.0,4344.0,4409.0,4475.5,4541.5,4609.0,4677.0,4748.0,4819.0,4890.0,4961.0,5031.0,5101.0,5174.5,5247.5,5322.0,5396.0,5472.0,5552.0,5632.0,5709.0,5785.5,5865.0,5948.0,6031.0,6114.0,6197.0,6283.5,6369.5,6454.5,6543.5,6633.5,6720.5,6813.5,6909.5,7001.5,7095.0,7191.0,7288.5,7387.0,7486.0,7587.0,7691.0,7796.0,7900.5,8008.5,8115.5,8225.5,8335.5,8446.5,8560.0,8678.0,8795.5,8914.5,9036.0,9161.0,9285.5,9412.5,9541.0,9668.5,9800.5,9932.0,10066.5,10204.5,10344.0,10484.0,10625.5,10775.5,10918.0,11068.0,11221.0,11371.5,11524.5,11679.0,11837.5,11996.5,12160.5,12327.5,12495.5,12672.0,12849.0,13030.0,13217.0,13407.0,13604.0,13802.0,14005.5,14213.5,14427.0,14644.0,14873.0,15103.0,15341.0,15575.5,15817.0,16062.0,16317.5,16581.0,16847.0,17121.0,17402.5,17689.5,17978.5,18283.5,18585.0,18899.5,19218.5,19547.5,19880.0,20224.0,20590.5,20952.5,21327.5,21698.0,22082.5,22475.0,22877.5,23287.0,23715.0,24151.5,24592.5,25032.0,25480.5,25949.5,26432.0,26928.5,27440.0,27955.0,28475.5,29015.0,29565.0,30130.5,30699.5,31285.5,31881.5,32481.5,33088.0,33697.5,34317.0,34946.0,35578.5,36222.0,36868.5,37530.5,38192.0,38871.0,39547.5,40246.5,40942.0,41652.5,42360.0,43089.5,43824.0,44558.5,45302.5,46062.0,46823.5,47585.5,48350.5,49134.0,49922.5,50731.5,51523.0,52334.0,53162.5,53967.0,54815.0,55648.5,56480.0,57339.0,58184.0,59036.0,59896.5,60764.5,61631.0,62520.0,63411.0,64288.5,65190.5,66089.5,67000.5,67899.0,68799.5,69714.0,70630.0,71559.0,72485.0,73412.0,74334.5,75280.0,76241.5,77186.0,78138.0,79098.0,80038.5,80998.5,81967.5,82925.0,83891.0,84862.0,85835.5,86809.0,87778.0,88741.5,89713.0,90678.0,91662.0,92648.0,93652.0,94661.5,95687.5,96706.0,97740.5,98785.5,99842.0,100889.0,101941.0,102997.5,104082.5,105175.0,106286.0,107381.0,108468.0,109580.5,110690.5,111818.5,112945.0,114067.5,115202.0,116334.5,117479.0,118627.5,119760.0,120911.0,122079.0,123230.5,124386.5,125547.0,126702.0,127878.0,129054.0,130218.5,131396.5,132568.5,133747.5,134926.5,136121.0,137309.5,138507.5,139679.0,140861.0,142046.5,143229.5,144407.0,145587.0,146756.5,147937.0,149109.5,150284.0,151461.5,152623.0,153786.0,154958.0,156122.5,157284.0,158444.5,159593.0,160755.5,161905.0,163044.0,164193.5,165341.5,166469.5,167608.5,168742.5,169874.5,170997.0,172124.0,173236.0,174337.5,175446.5,176552.0,177651.0,178744.0,179832.0,180920.0,182000.0,183078.5,184141.0,185208.0,186263.5,187317.5,188364.5,189411.5,190454.5,191491.5,192522.5,193548.0,194562.5,195576.5,196583.5,197575.5,198553.0,199525.5,200478.5,201419.0,202343.5,203253.0,204156.0,205042.0,205915.0,206777.0,207626.5,208470.5,209302.5,210117.0,210923.0,211716.5,212499.5,213275.5,214044.5,214800.5,215544.0,216276.0,217004.0,217716.5,218437.0,219151.0,219853.5,220549.0,221242.5,221931.5,222622.0,223303.5,223981.5,224649.0,225316.5,225979.0,226624.5,227268.0,227911.0,228541.0,229168.5,229795.5,230412.5,231016.5,231622.0,232224.5,232816.0,233399.0,233982.0,234560.0,235129.0,235688.0,236246.5,236799.5,237334.5,237878.0,238415.5,238942.0,239470.5,239987.5,240495.0,241014.0,241512.5,242007.0,242494.5,242974.5,243450.0,243917.0,244379.5,244841.0,245285.5,245734.0,246179.5,246626.5,247060.0,247488.5,247912.5,248336.0,248746.0,249158.5,249562.5,249965.0,250357.5,250750.5,251134.0,251519.5,251896.5,252272.0,252637.5,253000.5,253361.5,253717.5,254071.5,254416.0,254754.0,255091.0,255419.0,255742.5,256063.5,256381.5,256696.0,257008.0,257318.5,257615.5,257918.0,258212.0,258508.0,258794.0,259078.0,259356.5,259637.0,259911.5,260180.5,260448.5,260714.5,260978.5,261231.5,261486.5,261738.5,261975.0,262207.5,262441.0,262666.5,262891.5,263110.5,263324.5,263531.5,263741.0,263942.0,264138.5,264333.0,264523.5,264709.0,264888.0,265064.5,265238.5,265408.0,265575.5,265741.5,265907.0,266065.5,266221.5,266373.0,266524.5,266676.5,266829.0,266978.5,267120.5,267261.0,267401.5,267539.0,267682.0,267817.0,267951.5,268086.5,268215.5,268343.0,268472.5,268594.0,268718.0,268840.5,268965.0,269083.5,269201.0,269317.0,269428.5,269537.5,269645.5,269750.5,269855.5,269956.5,270062.0,270163.0,270262.0,270360.0,270455.5,270553.5,270648.5,270742.5,270835.0,270928.0,271017.0,271105.0,271191.5,271276.5,271357.0,271440.5,271524.0,271606.5,271685.5,271759.5,271833.5,271909.0,271984.0,272057.0,272129.0,272197.0,272264.0,272330.0,272396.0,272463.0,272526.5,272588.5,272650.5,272707.5,272766.0,272823.0,272876.0,272929.0,272981.5,273034.0,273083.0,273135.0,273186.0,273233.5,273278.5,273324.5,273370.5,273413.0,273457.0,273499.0,273542.0,273584.0,273623.5,273660.5,273699.5,273736.5,273773.0,273808.5,273843.5,273878.5,273912.5,273947.5,273982.0,274013.0,274044.0,274075.0,274103.0,274131.0,274160.0,274187.0,274217.0,274244.0,274270.0,274297.0,274323.0,274347.5,274371.5,274395.5,274419.5,274442.0,274463.0,274484.0,274505.5,274526.5,274546.5,274567.5,274587.5,274606.5,274625.5,274643.5,274662.5,274680.5,274697.5
Muranga,0.0,0.0,0.0,0.0,1.0,2.0,3.0,4.0,6.0,8.0,10.0,12.0,14.0,17.0,20.0,23.0,26.0,29.5,32.5,35.5,38.5,41.5,45.0,49.0,53.0,57.0,61.0,65.0,69.0,73.0,77.0,81.0,85.0,89.0,93.0,97.0,101.0,106.0,111.0,116.0,121.0,126.0,131.0,136.0,141.0,147.0,152.0,157.5,163.5,169.5,175.5,181.5,187.5,193.5,200.5,206.5,213.5,220.5,227.5,234.5,241.5,248.5,255.5,262.5,270.5,278.5,286.5,294.5,302.5,311.5,319.5,328.5,337.5,346.5,355.5,364.5,373.5,383.5,392.5,402.5,411.5,422.5,432.5,442.5,453.5,464.5,476.5,488.5,500.5,512.5,525.5,538.5,551.5,564.5,578.5,592.5,606.5,620.5,635.5,650.5,665.5,680.5,696.5,711.5,728.0,744.0,761.0,779.0,798.0,816.0,834.0,852.0,871.5,891.5,911.0,931.0,952.0,973.0,995.5,1017.5,1038.5,1061.5,1084.5,1108.5,1133.0,1159.0,1185.0,1212.0,1239.0,1266.5,1294.5,1322.5,1351.5,1381.5,1411.5,1442.5,1474.0,1506.0,1538.0,1572.0,1606.0,1641.0,1678.5,1713.5,1751.5,1789.5,1826.5,1866.5,1907.0,1947.0,1989.0,2032.0,2076.0,2120.0,2166.0,2212.5,2259.0,2309.0,2360.0,2409.0,2462.0,2514.0,2567.0,2622.0,2680.0,2742.0,2803.5,2865.0,2927.5,2991.5,3055.5,3121.0,3188.0,3260.0,3334.5,3408.0,3483.0,3561.0,3643.0,3728.5,3816.5,3908.0,4002.0,4099.0,4197.0,4298.5,4404.0,4511.0,4625.0,4740.5,4862.0,4991.0,5118.0,5251.5,5388.5,5526.5,5676.0,5825.5,5978.0,6142.0,6307.5,6476.0,6653.0,6834.5,7021.5,7215.0,7417.0,7631.0,7850.0,8070.0,8295.0,8529.5,8766.0,9016.0,9273.0,9535.5,9805.5,10091.0,10392.5,10693.5,11008.5,11330.0,11662.0,12004.0,12354.5,12722.5,13099.0,13477.5,13862.5,14259.0,14666.0,15064.5,15488.0,15907.5,16342.5,16787.5,17231.5,17699.5,18180.0,18672.5,19172.5,19673.0,20193.0,20721.0,21250.0,21785.5,22349.0,22923.5,23501.5,24090.5,24698.5,25311.5,25949.5,26586.5,27237.5,27894.5,28572.5,29256.5,29968.5,30695.5,31411.5,32157.0,32908.5,33668.0,34451.0,35264.0,36067.5,36875.0,37698.5,38539.0,39391.5,40255.0,41135.5,42028.0,42913.0,43819.5,44776.0,45714.5,46670.5,47633.5,48611.0,49618.0,50628.0,51669.5,52735.5,53805.0,54880.5,55955.0,57046.5,58158.0,59293.0,60437.5,61568.0,62738.0,63917.5,65088.5,66284.0,67494.5,68703.5,69950.5,71197.5,72485.0,73810.0,75154.0,76521.0,77884.5,79288.0,80718.5,82155.0,83613.5,85123.5,86636.5,88164.5,89723.0,91303.0,92904.5,94520.5,96142.5,97782.5,99458.0,101161.5,102886.0,104587.5,106310.5,108062.0,109837.0,111633.0,113442.5,115254.0,117083.0,118922.5,120758.0,122625.5,124515.5,126392.0,128294.0,130180.0,132082.5,134000.5,135927.5,137856.5,139777.5,141720.0,143646.5,145579.0,147519.0,149459.5,151409.0,153340.5,155283.0,157216.5,159155.5,161083.0,163017.5,164929.5,166861.0,168778.5,170707.5,172622.5,174531.0,176432.0,178321.5,180215.0,182100.0,183983.0,185872.0,187747.0,189600.0,191445.5,193281.0,195112.5,196936.5,198750.0,200557.5,202359.5,204141.5,205913.0,207680.0,209422.0,211168.0,212898.5,214620.0,216331.5,218016.0,219697.0,221369.5,223036.5,224670.5,226304.0,227917.0,229527.0,231114.5,232679.0,234237.5,235755.5,237249.5,238719.0,240146.5,241555.5,242925.5,244278.5,245591.0,246884.5,248151.5,249398.5,250614.0,251811.0,252973.5,254114.5,255222.5,256311.5,257375.0,258413.5,259447.0,260473.0,261460.0,262413.5,263355.5,264286.5,265207.0,266101.0,266999.0,267885.0,268743.5,269595.0,270423.0,271245.5,272057.0,272848.5,273629.0,274398.0,275169.5,275914.0,276639.0,277351.0,278069.0,278768.0,279450.5,280129.5,280768.0,281420.0,282063.0,282676.5,283298.5,283902.0,284491.0,285072.0,285654.5,286206.5,286745.0,287286.5,287812.5,288324.0,288829.0,289318.5,289798.0,290284.0,290747.0,291208.5,291663.0,292108.5,292538.5,292969.5,293393.0,293795.0,294199.0,294591.0,294982.0,295356.0,295727.5,296085.5,296449.5,296810.5,297162.0,297502.0,297835.5,298164.5,298478.5,298787.5,299095.5,299396.0,299698.0,299989.0,300266.0,300541.0,300814.0,301083.0,301344.5,301598.5,301848.5,302099.0,302345.0,302584.5,302819.0,303046.0,303272.5,303489.5,303703.5,303909.5,304125.5,304330.5,304526.0,304718.5,304907.5,305093.0,305280.5,305453.5,305623.0,305795.5,305969.0,306130.0,306292.5,306450.5,306609.5,306759.5,306903.0,307049.0,307192.0,307328.0,307462.0,307593.5,307714.5,307836.0,307955.0,308069.0,308181.0,308289.5,308396.0,308501.0,308603.0,308699.0,308798.0,308895.0,308983.5,309073.0,309163.0,309247.0,309328.0,309412.5,309491.5,309571.0,309646.5,309721.5,309798.5,309870.0,309942.0,310015.0,310082.0,310150.0,310217.0,310282.0,310346.0,310409.0,310469.5,310530.0,310587.0,310643.0,310700.0,310753.0,310807.0,310861.5,310915.0,310967.0,311015.0,311062.0,311111.0,311158.5,311204.5,311246.0,311289.0,311332.0,311375.0,311417.0,311456.0,311493.5,311533.5,311571.5,311607.5,311644.5,311681.0,311717.5,311750.5,311784.0,311816.0,311848.0,311880.0,311912.0,311944.0,311972.0,312000.0,312028.0,312054.0,312081.0,312107.5,312131.5,312155.5,312179.5,312204.5,312227.0,312250.0,312271.5,312291.5,312311.5,312332.5,312352.5,312371.0,312390.0,312408.0,312426.0,312443.0,312461.0,312478.0,312494.0,312510.0,312525.0,312540.0,312555.0,312570.0,312585.0,312598.0,312612.0,312624.0,312638.0,312650.0,312662.0,312674.0,312685.0,312696.0,312708.0,312718.0,312728.5,312739.5,312749.5,312760.5,312770.0,312780.0,312790.0,312799.0,312808.0,312817.0,312825.0,312833.0,312840.0,312848.0,312855.0,312862.0,312869.0,312876.0,312883.0,312890.5,312897.5,312903.5,312909.5,312915.0,312921.0,312927.0,312933.0,312939.0
Nairobi,158.0,293.0,381.0,444.0,494.0,539.5,584.5,629.5,674.5,720.5,769.5,820.5,870.5,923.0,979.0,1036.0,1093.0,1149.0,1203.0,1257.0,1311.0,1364.0,1417.0,1469.0,1521.0,1573.0,1625.0,1677.0,1731.0,1786.0,1843.0,1900.0,1959.0,2017.0,2078.5,2138.5,2200.5,2262.5,2325.5,2389.5,2454.5,2520.5,2589.0,2656.0,2722.0,2791.0,2862.0,2935.0,3007.0,3082.0,3155.5,3230.5,3307.5,3384.5,3459.5,3538.5,3617.5,3696.5,3775.5,3860.0,3944.0,4028.0,4112.5,4199.0,4287.0,4376.0,4467.0,4557.0,4650.5,4747.5,4842.5,4937.5,5035.0,5136.0,5236.5,5339.0,5442.0,5547.0,5651.5,5758.5,5867.5,5980.0,6092.0,6205.0,6320.0,6436.0,6553.0,6672.5,6792.0,6912.0,7035.5,7162.5,7289.5,7421.0,7549.5,7682.5,7816.0,7949.0,8086.5,8228.0,8368.0,8506.0,8650.0,8798.5,8949.5,9101.0,9252.0,9406.0,9563.0,9722.5,9879.0,10044.0,10208.5,10375.5,10543.5,10717.5,10889.5,11064.0,11243.0,11426.0,11608.0,11788.0,11978.0,12167.0,12356.5,12551.0,12749.0,12948.5,13153.0,13364.5,13578.5,13795.5,14011.5,14231.5,14452.5,14673.5,14903.5,15132.0,15362.0,15599.0,15836.0,16073.0,16318.0,16569.0,16817.0,17071.5,17324.5,17585.5,17855.5,18132.0,18406.0,18685.5,18971.5,19255.0,19542.0,19837.0,20128.5,20429.5,20739.0,21044.5,21356.5,21677.5,21996.5,22319.5,22640.5,22972.0,23306.5,23648.5,24003.5,24362.5,24715.5,25079.0,25441.5,25823.5,26214.0,26608.5,27008.0,27414.0,27840.0,28269.0,28713.5,29167.5,29625.0,30097.0,30573.5,31069.0,31586.5,32103.0,32624.0,33163.5,33707.0,34258.5,34828.5,35411.0,36008.0,36626.0,37237.5,37882.0,38535.0,39202.5,39878.0,40587.5,41300.0,42022.0,42772.0,43519.0,44300.0,45092.5,45914.5,46748.0,47603.5,48476.5,49377.0,50294.5,51224.5,52164.0,53149.0,54125.5,55138.5,56191.0,57263.5,58379.0,59494.5,60639.5,61799.5,62976.5,64190.5,65399.5,66629.5,67877.5,69125.0,70419.5,71727.0,73055.5,74397.0,75755.0,77131.0,78526.5,79940.5,81391.5,82833.5,84312.0,85813.0,87328.5,88864.0,90420.0,92005.0,93603.0,95226.5,96871.0,98549.5,100253.0,101998.5,103732.0,105508.0,107302.0,109111.5,110961.0,112832.0,114699.0,116603.5,118539.0,120471.0,122472.5,124473.5,126499.0,128551.5,130633.0,132749.0,134847.0,137007.5,139193.0,141398.5,143655.0,145900.0,148198.5,150503.5,152832.5,155212.0,157593.5,160025.0,162459.0,164951.0,167478.5,170001.0,172559.5,175141.0,177735.5,180337.5,182981.0,185652.0,188323.5,191025.0,193754.5,196517.0,199307.5,202120.0,204958.5,207836.5,210739.0,213727.0,216773.0,219893.5,223046.5,226253.5,229515.0,232837.0,236192.0,239623.0,243092.0,246629.5,250166.5,253782.0,257464.0,261187.5,264975.0,268823.0,272677.5,276624.5,280628.0,284659.5,288781.5,292959.5,297195.0,301454.0,305767.0,310111.5,314555.5,319030.0,323577.0,328129.0,332788.5,337479.5,342234.5,347003.0,351823.5,356767.5,361728.5,366763.5,371813.5,376872.5,382073.5,387281.0,392519.5,397886.0,403260.5,408687.5,414159.5,419635.5,425203.0,430781.0,436384.0,442067.5,447757.5,453487.0,459310.0,465099.5,470922.5,476861.5,482773.5,488752.5,494771.5,500769.0,506796.0,512836.5,518948.5,525071.0,531219.0,537391.5,543568.5,549791.0,556019.0,562225.5,568411.0,574640.0,580848.0,587084.0,593305.5,599549.0,605799.5,612033.0,618238.5,624496.5,630729.0,636941.5,643155.0,649351.5,655561.0,661748.0,667905.0,674048.5,680182.0,686307.5,692431.0,698441.5,704406.5,710281.0,716089.0,721834.5,727530.5,733119.0,738682.5,744181.5,749632.0,755023.5,760347.5,765617.0,770848.5,776006.0,781089.0,786131.0,791102.5,796049.0,800957.5,805784.5,810570.0,815317.0,820002.0,824670.0,829297.5,833895.0,838523.0,843110.5,847704.5,852293.5,856829.5,861336.5,865838.0,870335.0,874778.0,879181.0,883573.0,887924.5,892264.5,896558.0,900828.5,905074.5,909280.5,913425.5,917564.0,921674.0,925758.0,929797.5,933813.0,937812.0,941769.0,945664.5,949548.5,953421.0,957228.5,960978.5,964704.5,968403.5,972041.0,975689.5,979266.0,982802.0,986302.5,989771.5,993218.0,996604.5,999925.5,1.003254e6,1.006518e6,1.0097465e6,1.0129415e6,1.016075e6,1.0191835e6,1.0222285e6,1.025241e6,1.028234e6,1.031171e6,1.034099e6,1.0369935e6,1.0398375e6,1.042666e6,1.045408e6,1.048139e6,1.0508125e6,1.053456e6,1.0561235e6,1.0586955e6,1.0612505e6,1.0637735e6,1.0662575e6,1.068695e6,1.071136e6,1.073508e6,1.075861e6,1.078145e6,1.080398e6,1.0826295e6,1.084847e6,1.0870375e6,1.089194e6,1.0912815e6,1.0933725e6,1.0953925e6,1.097395e6,1.099355e6,1.1013175e6,1.1032595e6,1.105192e6,1.1070425e6,1.108882e6,1.110715e6,1.1125045e6,1.114267e6,1.1160095e6,1.1177125e6,1.1193705e6,1.1210545e6,1.122701e6,1.1243085e6,1.1258485e6,1.1273825e6,1.1288605e6,1.130295e6,1.1317175e6,1.13309e6,1.134434e6,1.1357385e6,1.1370315e6,1.138303e6,1.139553e6,1.1407525e6,1.1419245e6,1.143083e6,1.1441955e6,1.1452955e6,1.146371e6,1.147443e6,1.148461e6,1.1494895e6,1.1504715e6,1.151442e6,1.152388e6,1.1533155e6,1.1542555e6,1.155153e6,1.156062e6,1.156964e6,1.157835e6,1.1587025e6,1.159556e6,1.160368e6,1.161197e6,1.162004e6,1.1627995e6,1.1635835e6,1.1643515e6,1.1651115e6,1.165849e6,1.1665685e6,1.167286e6,1.1679785e6,1.168663e6,1.16935e6,1.170026e6,1.1706865e6,1.171308e6,1.171944e6,1.1725725e6,1.1731885e6,1.1737915e6,1.17438e6,1.174964e6,1.1755375e6,1.176106e6,1.17667e6,1.1772215e6,1.177762e6,1.1782795e6,1.178792e6,1.1792905e6,1.179796e6,1.180285e6,1.1807655e6,1.1812205e6,1.181684e6,1.1821395e6,1.182583e6,1.183019e6,1.1834435e6,1.1838645e6,1.1842705e6,1.1846855e6,1.1850855e6,1.1854755e6,1.1858645e6,1.1862435e6,1.186609e6,1.186966e6,1.187314e6,1.1876555e6,1.1879935e6,1.18833e6,1.1886635e6,1.1889695e6,1.189267e6,1.1895645e6,1.189852e6,1.1901335e6,1.1904085e6,1.1906835e6,1.1909495e6,1.1912035e6,1.191453e6,1.1917015e6,1.1919385e6,1.1921715e6,1.192409e6,1.1926305e6,1.1928545e6,1.193074e6,1.1932815e6,1.193486e6,1.1936845e6,1.1938835e6,1.1940705e6,1.1942595e6,1.1944425e6,1.194628e6,1.1948025e6,1.194966e6,1.195133e6,1.195298e6,1.195456e6,1.1956055e6,1.195758e6,1.195903e6,1.196046e6,1.19619e6,1.196328e6,1.196465e6,1.196599e6,1.196728e6,1.196851e6,1.196972e6,1.1970915e6,1.1972085e6,1.197325e6,1.1974355e6,1.1975455e6,1.197654e6,1.1977585e6,1.1978595e6,1.1979625e6,1.198061e6,1.198156e6,1.19825e6,1.1983435e6,1.198432e6,1.1985205e6,1.198608e6,1.1986915e6,1.1987735e6,1.1988525e6
Nakuru,0.0,0.0,0.0,0.0,0.0,1.0,2.0,3.0,4.0,5.0,6.0,7.0,9.0,11.0,13.0,15.0,18.0,20.0,22.0,24.0,26.5,29.5,32.5,35.5,38.5,41.5,44.5,47.5,51.5,54.5,57.5,60.5,64.5,68.5,72.5,76.5,80.5,84.5,88.5,93.5,98.5,103.5,108.5,113.5,118.5,123.5,129.5,135.5,141.5,147.5,154.5,161.5,168.5,175.5,183.5,191.5,199.5,207.5,215.5,223.5,233.5,242.5,251.5,261.5,271.5,281.5,291.5,303.5,315.5,326.5,338.5,351.0,364.0,377.0,391.0,405.0,419.0,433.0,449.0,465.0,482.0,499.0,517.0,535.0,553.0,572.0,593.0,613.0,634.0,655.0,677.0,701.0,724.0,749.0,773.0,797.5,824.0,852.0,879.0,908.0,936.5,966.5,997.0,1030.0,1062.0,1096.0,1129.0,1163.5,1199.5,1235.5,1273.5,1313.5,1353.5,1396.5,1440.5,1484.5,1529.5,1578.0,1626.0,1676.0,1727.0,1780.5,1833.5,1889.5,1950.5,2011.5,2071.5,2134.5,2201.5,2268.5,2337.5,2409.5,2485.0,2561.5,2638.0,2718.5,2803.0,2889.0,2973.5,3062.5,3154.5,3248.5,3344.0,3444.0,3549.0,3653.5,3764.5,3874.5,3991.5,4112.0,4235.0,4362.0,4487.0,4620.5,4758.5,4899.0,5047.0,5202.0,5359.5,5514.5,5675.5,5844.5,6020.0,6195.0,6376.0,6566.0,6758.0,6954.5,7158.5,7368.5,7582.0,7800.0,8027.5,8263.5,8506.0,8759.5,9020.5,9305.0,9599.0,9897.0,10212.0,10536.0,10874.5,11229.0,11595.0,11981.5,12372.5,12792.0,13214.5,13656.5,14121.0,14594.5,15094.0,15614.5,16146.5,16708.5,17286.5,17884.5,18508.5,19163.5,19839.5,20529.5,21253.0,22002.0,22784.0,23585.5,24417.5,25284.5,26195.5,27138.5,28087.5,29074.0,30120.0,31206.5,32322.0,33455.0,34662.5,35902.0,37185.5,38504.0,39870.5,41298.5,42790.5,44301.5,45886.0,47531.0,49199.0,50896.0,52624.0,54391.5,56204.0,58059.5,59948.5,61886.5,63858.0,65900.0,67980.5,70097.5,72261.0,74480.0,76750.5,79072.5,81437.5,83873.0,86345.5,88847.5,91443.0,94096.5,96799.0,99530.5,102334.0,105172.0,108077.0,111050.0,114037.0,117104.5,120232.0,123454.0,126700.0,130018.0,133384.5,136849.5,140330.0,143846.5,147425.0,151047.5,154742.0,158491.5,162297.0,166156.5,170105.5,174075.5,178097.0,182186.5,186291.0,190524.5,194746.5,199068.0,203417.5,207838.0,212319.0,216819.0,221335.5,225945.5,230584.0,235290.5,240032.5,244814.5,249611.5,254517.5,259415.5,264338.0,269350.0,274365.0,279360.5,284412.5,289512.0,294608.5,299814.0,305028.0,310274.5,315598.5,320985.5,326422.0,331941.5,337451.0,342955.5,348537.5,354167.0,359805.5,365507.5,371245.0,376963.5,382680.0,388462.0,394250.5,400067.5,405825.0,411597.5,417371.5,423171.0,428973.0,434782.5,440605.0,446438.0,452299.0,458132.0,464000.5,469844.5,475690.0,481506.5,487335.5,493202.0,499027.0,504835.0,510618.5,516390.5,522130.5,527825.0,533538.5,539229.0,544929.5,550576.5,556204.0,561781.5,567348.0,572843.0,578290.0,583702.0,589071.0,594425.0,599718.0,604991.0,610242.5,615429.5,620555.5,625621.5,630667.0,635655.0,640563.5,645428.5,650196.5,654935.5,659636.5,664260.5,668779.5,673236.5,677630.5,681975.0,686255.5,690449.5,694567.0,698649.5,702684.0,706626.0,710500.5,714325.5,718099.5,721831.5,725444.0,729015.5,732557.0,736037.0,739422.0,742796.5,746096.5,749340.0,752518.0,755618.0,758680.0,761708.5,764641.5,767553.5,770377.5,773163.0,775876.0,778471.0,781021.0,783497.0,785916.5,788264.0,790535.5,792760.5,794906.0,797022.0,799095.5,801127.0,803088.5,805016.5,806899.5,808726.5,810498.0,812211.0,813887.5,815537.0,817128.0,818685.0,820212.5,821725.0,823209.5,824660.0,826094.5,827490.0,828846.5,830169.5,831479.0,832765.0,834017.5,835255.5,836479.5,837668.0,838823.5,839948.0,841055.0,842129.0,843190.5,844222.0,845243.5,846240.5,847210.5,848166.0,849093.5,850023.5,850931.0,851799.5,852671.5,853511.5,854336.0,855146.0,855930.0,856710.0,857475.0,858213.5,858936.5,859661.0,860372.5,861053.0,861724.5,862387.5,863046.0,863682.0,864297.5,864901.0,865496.0,866068.0,866641.5,867194.0,867741.0,868273.0,868797.5,869316.5,869822.0,870319.0,870804.5,871273.5,871726.5,872187.5,872638.5,873068.5,873494.0,873911.5,874310.0,874717.0,875112.0,875496.0,875876.0,876239.0,876602.5,876952.5,877295.0,877628.5,877958.5,878286.5,878597.5,878908.5,879208.0,879504.0,879797.0,880078.5,880357.5,880634.0,880904.0,881161.5,881413.0,881663.0,881903.0,882139.5,882377.5,882608.5,882829.0,883052.0,883274.0,883484.0,883691.5,883893.0,884088.5,884273.0,884454.0,884628.5,884806.5,884975.5,885140.5,885300.0,885459.0,885608.0,885754.5,885897.5,886036.5,886169.5,886306.0,886433.0,886559.5,886683.0,886803.0,886920.0,887033.5,887142.5,887250.5,887356.5,887461.5,887561.5,887661.5,887758.5,887854.0,887948.5,888041.0,888131.0,888218.5,888305.0,888390.0,888472.0,888551.5,888630.0,888709.0,888783.0,888856.0,888931.0,889002.0,889074.0,889143.0,889212.5,889275.5,889334.5,889398.0,889463.0,889523.5,889581.5,889640.5,889696.5,889750.5,889805.0,889858.5,889910.5,889959.5,890008.5,890057.0,890105.0,890152.0,890197.0,890240.0,890286.0,890329.5,890370.5,890412.5,890450.5,890488.0,890526.0,890562.0,890598.0,890632.0,890668.0,890702.0,890735.0,890766.0,890795.0,890826.0,890855.0,890885.0,890912.0,890939.0,890965.0,890990.0,891015.0,891040.0,891063.0,891085.0,891107.0,891129.5,891150.5,891171.5,891191.5,891209.5,891228.5,891246.0,891265.0,891281.0,891298.0,891314.0,891331.0,891347.0,891361.5,891376.5,891391.5,891405.5,891418.0,891432.0,891445.0,891457.0,891469.0,891481.0,891493.0,891505.0,891515.0,891526.0,891536.0,891547.0,891556.5,891567.5,891577.5,891586.5,891595.5,891604.5,891613.5,891621.5,891629.5,891637.5,891645.5,891653.0,891660.0,891668.0,891675.0,891682.0,891689.0,891695.0,891701.0,891707.0,891712.0,891717.0
Nandi,0.0,0.0,0.0,0.0,0.0,0.0,0.0,0.0,0.0,0.0,0.0,0.0,0.0,0.0,0.0,0.0,0.0,0.0,0.0,0.0,0.0,0.0,0.0,0.0,0.0,0.0,0.0,0.0,0.0,0.0,0.0,0.0,0.0,0.0,0.0,0.0,0.0,0.0,0.0,0.0,0.0,0.0,0.0,0.0,0.0,0.0,0.0,0.0,0.0,0.0,0.0,0.0,0.0,0.0,0.0,0.0,0.0,0.0,0.0,0.0,0.0,0.0,0.0,0.0,0.0,0.0,0.0,0.0,0.0,0.0,0.0,0.0,0.0,0.0,1.0,1.0,1.0,2.0,3.0,4.0,5.0,6.0,7.0,8.0,9.0,10.0,11.0,12.0,13.0,14.0,15.0,16.0,17.0,18.0,19.0,20.0,21.0,22.0,23.0,24.0,25.0,26.0,28.0,29.0,30.0,32.0,34.0,36.0,38.0,40.0,42.0,44.0,46.0,48.0,50.0,53.0,55.0,57.0,60.0,63.0,66.0,69.0,72.0,75.0,78.0,81.0,84.0,87.5,90.5,94.5,98.5,102.5,106.5,110.5,114.5,118.5,122.5,126.5,131.5,136.5,141.5,146.5,151.5,157.0,163.0,169.0,175.0,181.0,187.0,193.0,200.0,207.0,215.0,222.0,229.0,237.0,245.0,253.0,261.0,270.0,279.0,288.0,297.0,308.0,318.0,328.0,339.0,350.0,362.0,373.0,385.0,397.0,409.0,423.0,437.0,451.0,465.0,481.0,496.5,512.5,529.0,546.0,565.0,584.0,604.0,624.0,644.5,667.5,689.5,711.5,737.0,761.0,787.0,816.0,844.0,873.0,902.0,934.0,966.5,1001.0,1035.0,1073.5,1111.0,1148.5,1188.0,1230.5,1271.5,1315.5,1359.5,1408.5,1456.5,1507.5,1563.5,1617.0,1675.5,1734.0,1793.0,1854.0,1917.0,1984.0,2052.0,2124.5,2200.0,2276.5,2355.5,2433.5,2517.5,2604.0,2688.5,2778.5,2872.5,2966.5,3062.0,3158.0,3256.0,3359.0,3468.0,3580.0,3693.5,3808.0,3927.5,4049.0,4175.5,4303.0,4435.0,4571.5,4710.0,4853.0,4998.5,5150.5,5301.5,5457.5,5615.5,5783.0,5947.0,6123.5,6296.5,6476.0,6664.0,6849.5,7053.5,7249.0,7449.5,7655.5,7872.0,8095.5,8318.5,8549.5,8781.5,9024.0,9267.5,9515.0,9768.5,10030.0,10299.5,10569.5,10850.5,11139.5,11434.0,11737.0,12036.5,12344.5,12664.0,12985.0,13310.5,13649.0,14004.0,14345.5,14710.0,15078.5,15449.5,15838.0,16228.0,16615.5,17023.5,17437.5,17855.5,18286.5,18736.5,19176.0,19631.5,20114.0,20604.5,21106.0,21622.5,22166.5,22721.0,23282.0,23860.5,24438.0,25040.0,25657.0,26294.0,26931.0,27593.5,28268.5,28960.5,29675.5,30410.5,31141.5,31888.5,32659.0,33441.0,34258.0,35099.5,35949.0,36821.0,37690.0,38599.0,39526.5,40456.0,41405.5,42376.5,43375.5,44402.0,45422.5,46453.5,47520.5,48600.5,49709.5,50837.0,51972.5,53154.0,54336.5,55517.5,56740.0,57983.5,59247.0,60519.5,61820.5,63117.0,64433.5,65774.0,67141.0,68549.0,69977.5,71373.0,72810.0,74257.5,75740.0,77238.0,78732.5,80255.0,81787.5,83324.0,84897.5,86457.5,88075.0,89686.5,91308.0,92915.5,94550.5,96184.0,97841.0,99531.0,101227.0,102902.5,104585.5,106275.0,107967.5,109676.0,111413.5,113144.0,114871.0,116619.0,118356.5,120110.0,121842.0,123590.5,125318.0,127056.5,128790.0,130534.0,132256.0,133958.0,135639.5,137296.5,138942.0,140562.5,142177.0,143762.0,145329.0,146883.5,148402.0,149915.0,151426.0,152900.5,154371.5,155825.5,157264.0,158688.0,160099.5,161494.0,162857.0,164204.0,165537.0,166854.5,168169.0,169467.5,170768.5,172065.5,173366.5,174652.5,175939.5,177212.0,178486.5,179755.0,181020.0,182268.5,183510.0,184748.5,185975.0,187194.5,188406.0,189606.0,190792.5,191957.0,193121.0,194278.5,195427.5,196562.5,197685.0,198801.0,199896.0,200970.5,202045.0,203097.5,204157.0,205207.5,206237.0,207250.5,208245.0,209228.0,210203.0,211165.5,212113.0,213036.0,213951.0,214855.0,215756.5,216625.5,217500.0,218348.5,219207.0,220037.0,220852.5,221650.0,222448.0,223228.5,223977.5,224733.0,225470.5,226196.0,226906.5,227594.0,228273.0,228959.5,229616.5,230268.0,230914.0,231538.5,232151.5,232767.5,233365.0,233950.0,234519.5,235090.0,235640.0,236190.0,236725.5,237247.5,237751.5,238246.5,238750.0,239235.0,239709.5,240186.0,240643.0,241097.0,241535.0,241969.0,242398.0,242818.0,243229.5,243637.5,244035.5,244414.0,244793.0,245157.0,245525.0,245881.0,246233.0,246573.5,246912.5,247232.0,247555.5,247858.5,248152.5,248444.0,248724.5,248995.5,249252.5,249508.0,249752.5,249994.0,250227.0,250461.0,250684.5,250910.0,251134.5,251344.5,251553.0,251750.5,251936.0,252128.0,252316.0,252494.5,252672.5,252842.5,253013.5,253182.0,253352.5,253512.5,253675.5,253831.5,253986.0,254137.5,254281.5,254421.0,254557.0,254697.0,254833.0,254967.0,255096.0,255222.0,255350.0,255468.0,255584.0,255697.5,255809.0,255923.0,256033.0,256141.0,256243.5,256343.5,256446.5,256541.0,256634.0,256729.0,256824.0,256912.0,256999.0,257085.0,257168.0,257247.0,257325.0,257407.5,257484.5,257559.0,257635.5,257705.0,257775.5,257845.0,257909.0,257975.5,258038.5,258100.5,258161.0,258220.0,258279.5,258335.5,258389.0,258445.5,258497.5,258547.0,258598.5,258646.0,258691.0,258736.5,258781.0,258826.0,258866.0,258905.5,258943.0,258978.5,259015.0,259048.0,259084.0,259117.0,259150.0,259180.5,259211.5,259240.5,259271.0,259299.0,259326.0,259352.0,259378.0,259404.0,259428.5,259454.5,259477.5,259500.5,259522.0,259542.0,259562.5,259582.5,259602.5,259621.5,259639.5,259657.0,259674.0,259692.0,259708.0,259724.0,259740.0,259755.0,259770.0,259784.5,259799.5,259812.5,259826.5,259839.5,259851.5,259863.5,259875.5,259886.5,259897.5,259909.0,259919.0,259929.0,259938.0,259947.0,259957.0,259967.0,259976.0,259984.0,259992.0
Narok,0.0,0.0,0.0,0.0,0.0,0.0,0.0,0.0,0.0,0.0,1.0,2.0,3.0,4.0,5.0,6.0,7.0,8.0,9.0,10.0,11.0,13.0,15.0,16.0,18.0,20.0,22.0,24.0,26.0,28.0,30.0,32.0,34.5,37.5,40.0,43.0,46.0,49.0,52.0,55.0,59.0,63.0,66.0,70.0,74.0,78.0,82.0,87.0,92.0,97.0,102.0,108.0,113.0,119.0,125.0,131.0,138.0,145.0,152.0,159.0,166.0,174.0,181.0,189.0,197.0,205.0,214.0,223.0,233.0,243.0,253.0,264.0,275.0,286.0,298.0,310.0,322.5,336.5,350.5,364.5,378.5,393.5,409.5,425.5,442.5,459.5,477.5,496.5,516.5,536.5,556.5,577.5,599.0,620.0,643.0,668.0,693.0,720.0,747.0,775.0,802.0,831.0,862.0,893.5,926.5,959.5,994.5,1029.5,1066.5,1104.0,1143.0,1184.0,1226.0,1269.0,1313.5,1359.5,1406.5,1455.5,1506.5,1558.5,1612.5,1670.5,1729.0,1788.0,1850.0,1916.0,1983.0,2053.0,2124.0,2196.0,2272.0,2348.5,2427.0,2514.0,2603.0,2692.0,2785.0,2879.5,2979.0,3079.0,3186.5,3296.5,3408.0,3524.0,3644.0,3770.0,3899.0,4027.0,4164.0,4306.0,4453.5,4609.0,4767.0,4929.5,5096.5,5269.5,5448.0,5624.0,5815.0,6010.5,6211.5,6420.0,6638.5,6861.0,7084.0,7321.0,7565.0,7823.5,8084.5,8361.0,8647.0,8936.5,9238.0,9547.5,9874.5,10217.0,10572.0,10942.5,11331.0,11742.5,12164.5,12611.5,13083.0,13559.0,14074.5,14607.5,15153.5,15719.5,16306.5,16945.5,17593.0,18266.0,18957.5,19688.5,20432.5,21229.0,22034.5,22904.0,23782.0,24699.5,25673.5,26698.5,27773.5,28879.5,30041.0,31238.0,32462.5,33737.5,35046.5,36416.0,37851.5,39309.0,40850.5,42450.0,44087.0,45819.5,47588.0,49430.0,51347.0,53343.0,55397.0,57523.0,59740.5,61994.0,64343.0,66749.0,69213.0,71770.0,74341.0,76975.5,79661.0,82402.5,85199.5,88028.5,90895.0,93849.0,96872.5,99876.5,102983.5,106152.0,109429.5,112711.5,116060.5,119453.5,122895.5,126377.5,129934.5,133512.0,137112.0,140710.0,144368.0,148085.5,151832.5,155633.5,159425.5,163274.5,167191.0,171101.0,175060.0,179067.0,183058.0,187048.5,191068.0,195068.5,199061.0,203071.0,207068.5,211070.0,215025.5,218969.0,222903.5,226827.5,230744.0,234632.5,238517.0,242372.0,246202.0,250035.5,253840.0,257636.0,261372.0,265112.5,268794.5,272453.5,276095.0,279711.0,283348.0,286924.5,290480.0,293996.5,297513.0,300982.5,304450.0,307903.5,311311.5,314681.5,318005.5,321307.5,324578.0,327831.0,331101.0,334364.0,337619.0,340875.5,344127.5,347318.0,350550.5,353751.5,356954.5,360087.0,363230.0,366340.5,369395.0,372438.0,375439.5,378433.5,381358.0,384284.5,387155.0,389988.0,392767.5,395535.0,398265.5,400974.5,403637.0,406266.5,408850.0,411381.0,413902.5,416325.5,418762.0,421145.0,423510.0,425826.0,428123.0,430360.5,432571.0,434740.5,436858.0,438953.0,441046.0,443064.5,445043.0,447006.5,448916.0,450802.0,452626.5,454454.5,456228.5,457985.0,459695.5,461385.0,463038.5,464651.0,466241.0,467817.5,469352.5,470853.5,472336.0,473782.5,475179.5,476565.5,477945.0,479308.5,480649.5,481912.0,483188.5,484446.0,485639.0,486821.0,487995.0,489153.0,490255.5,491390.0,492481.0,493537.5,494585.0,495612.5,496623.0,497610.0,498579.0,499543.0,500479.0,501398.5,502291.5,503177.5,504038.0,504883.0,505713.5,506540.0,507351.5,508135.0,508907.5,509668.0,510414.5,511130.0,511838.0,512527.5,513196.0,513854.5,514494.5,515124.0,515728.5,516327.0,516915.5,517495.0,518046.0,518597.0,519130.5,519656.0,520166.5,520672.0,521158.5,521638.5,522106.0,522568.0,523011.0,523446.5,523881.5,524311.0,524728.0,525149.0,525556.0,525959.5,526346.0,526735.5,527112.5,527486.0,527852.5,528210.0,528569.5,528923.5,529270.0,529608.5,529933.0,530265.0,530583.5,530901.5,531209.0,531512.5,531810.0,532101.5,532391.5,532677.5,532953.5,533226.5,533497.0,533760.0,534017.0,534269.0,534517.0,534767.0,535006.5,535242.0,535477.0,535705.0,535927.5,536148.5,536364.5,536576.0,536786.0,536988.0,537189.0,537387.0,537581.0,537769.5,537952.0,538134.5,538315.5,538496.5,538668.5,538835.5,539006.5,539171.5,539335.5,539495.5,539654.5,539810.5,539960.5,540114.0,540261.5,540401.5,540541.0,540679.5,540812.5,540945.5,541078.0,541206.5,541331.5,541452.5,541571.5,541690.5,541804.5,541915.5,542030.0,542136.5,542242.5,542345.5,542445.5,542547.5,542647.0,542742.0,542836.5,542928.5,543019.5,543109.0,543196.0,543282.5,543366.0,543449.0,543526.0,543605.0,543684.0,543760.0,543832.0,543906.5,543977.5,544045.5,544110.5,544177.5,544243.0,544306.5,544366.5,544427.5,544485.5,544540.0,544596.5,544648.5,544700.5,544750.5,544798.5,544843.5,544891.5,544937.0,544982.0,545025.0,545066.0,545107.0,545149.0,545190.0,545227.0,545265.0,545304.0,545342.0,545379.5,545416.5,545451.5,545486.5,545519.5,545552.0,545584.0,545616.0,545648.0,545678.5,545708.5,545737.5,545765.5,545793.5,545820.5,545846.5,545873.5,545900.0,545925.5,545951.5,545974.5,545997.5,546019.5,546041.5,546064.0,546086.0,546107.5,546128.5,546150.5,546171.0,546191.0,546210.0,546228.0,546247.0,546264.0,546281.0,546298.5,546315.5,546331.5,546347.5,546363.5,546378.5,546393.5,546407.5,546421.5,546435.5,546449.0,546463.0,546476.0,546489.0,546502.0,546514.0,546525.5,546537.5,546548.5,546559.0,546569.5,546580.5,546590.5,546600.0,546610.0,546620.0,546629.0,546638.0,546646.0,546654.0,546661.5,546668.5,546676.5,546683.5,546690.5,546697.5,546704.5,546710.5,546717.5,546723.5,546729.5,546735.5,546741.5,546748.5,546754.5,546760.0,546766.0,546771.0,546776.0,546781.0,546786.0,546791.0,546796.0,546801.0,546805.0,546809.0,546813.0,546817.0,546821.0,546825.0,546828.0,546832.0,546835.0,546838.0,546841.0,546844.0,546847.0,546850.0,546853.0,546856.0,546859.0,546862.0,546865.0,546867.0,546869.0,546871.0,546873.0,546875.0
Nyamira,0.0,0.0,0.0,0.0,0.0,0.0,0.0,0.0,0.0,0.0,0.0,0.0,0.0,0.0,0.0,0.0,0.0,0.0,0.0,0.0,0.0,0.0,0.0,0.0,0.0,0.0,0.0,0.0,0.0,0.0,0.0,0.0,0.0,0.0,0.0,0.0,0.0,0.0,0.0,0.0,0.0,0.0,0.0,0.0,0.0,0.0,0.0,0.0,0.0,0.0,0.0,0.0,0.0,0.0,0.0,0.0,0.0,0.0,0.0,0.0,0.0,0.0,0.0,0.0,0.0,0.0,0.0,0.0,0.0,0.0,0.0,0.0,0.0,0.0,0.0,0.0,0.0,0.0,0.0,0.0,1.0,2.0,2.0,3.0,4.0,5.0,6.0,7.0,8.0,9.0,10.0,11.0,12.0,13.0,14.0,15.0,16.0,17.0,18.0,19.0,20.0,21.0,22.0,23.0,24.0,25.0,27.0,29.0,31.0,33.0,35.0,36.0,38.0,40.0,42.0,44.0,46.0,48.0,50.0,52.0,54.0,57.0,60.0,63.0,66.0,69.0,72.0,75.0,78.0,81.0,85.0,89.0,93.0,97.0,101.0,105.0,109.0,113.0,117.0,121.0,125.0,130.0,134.0,139.0,144.0,149.0,154.0,160.0,165.0,171.0,177.0,184.0,190.0,197.0,204.0,211.0,219.0,226.0,233.0,241.0,249.0,257.0,265.5,273.5,282.5,291.5,300.5,310.5,320.5,331.5,342.5,353.5,364.5,376.5,388.5,401.5,415.5,429.5,443.5,458.5,474.5,490.5,508.5,526.5,545.5,564.5,583.5,604.5,625.5,647.0,669.0,693.0,718.0,743.0,768.5,797.5,823.5,852.5,882.5,914.5,945.5,980.5,1015.0,1051.5,1087.5,1126.5,1167.0,1209.0,1252.0,1298.0,1344.5,1395.0,1445.0,1497.0,1550.0,1605.0,1662.5,1725.5,1786.5,1851.0,1917.0,1984.0,2054.0,2129.0,2209.5,2290.0,2371.0,2456.0,2539.0,2627.5,2716.0,2810.5,2905.0,3001.5,3096.5,3197.0,3302.0,3407.0,3522.0,3634.0,3746.0,3863.5,3985.0,4114.5,4246.0,4380.5,4517.5,4661.5,4804.5,4951.5,5098.0,5255.5,5414.5,5572.5,5739.0,5910.0,6090.5,6265.0,6441.5,6627.0,6827.5,7023.0,7222.5,7426.0,7629.5,7842.5,8066.5,8287.5,8510.5,8745.5,8985.0,9228.5,9476.0,9732.5,9995.5,10263.5,10536.0,10812.0,11100.0,11383.0,11677.5,11974.0,12276.5,12589.5,12906.0,13219.5,13550.5,13882.5,14231.5,14575.5,14928.5,15288.0,15652.0,16028.5,16408.5,16793.0,17180.5,17587.5,17996.5,18408.0,18847.0,19298.0,19758.5,20233.5,20721.5,21212.0,21710.0,22223.0,22744.5,23292.0,23841.5,24416.0,24996.0,25577.0,26177.0,26794.0,27398.0,28040.0,28702.5,29381.5,30049.5,30754.5,31473.5,32186.5,32927.0,33686.5,34450.5,35221.5,36008.5,36792.5,37617.5,38449.5,39303.5,40153.5,41020.0,41908.5,42805.5,43738.5,44659.5,45590.0,46560.5,47531.0,48518.0,49512.0,50527.0,51543.5,52582.5,53630.5,54682.5,55761.0,56842.5,57959.5,59060.0,60190.0,61330.0,62457.5,63621.0,64777.0,65929.0,67120.5,68308.0,69491.0,70696.5,71916.5,73139.5,74360.5,75594.0,76833.0,78073.5,79326.5,80574.5,81828.0,83076.0,84323.5,85578.5,86820.5,88063.0,89318.0,90564.0,91812.0,93058.5,94314.5,95564.0,96796.5,98035.5,99273.0,100515.0,101754.5,102984.5,104208.0,105430.0,106636.0,107845.5,109048.5,110231.5,111398.5,112548.5,113668.0,114782.0,115875.5,116949.0,118011.0,119055.5,120083.5,121109.5,122129.5,123140.0,124124.0,125095.0,126056.0,127007.0,127943.0,128862.5,129768.0,130669.5,131557.0,132435.0,133298.5,134159.0,135006.0,135854.5,136702.0,137543.0,138389.5,139216.0,140039.0,140866.0,141671.5,142468.5,143267.0,144056.0,144835.0,145608.0,146367.0,147117.0,147855.5,148589.5,149303.5,150003.0,150710.5,151404.0,152085.0,152768.5,153428.0,154087.5,154734.5,155374.0,155993.5,156614.5,157215.5,157810.5,158401.0,158977.5,159551.5,160106.0,160649.5,161199.0,161725.0,162244.5,162766.0,163272.5,163769.0,164266.5,164741.5,165217.0,165687.0,166140.5,166592.0,167030.0,167464.0,167889.5,168304.5,168717.5,169117.5,169515.5,169908.5,170294.5,170667.0,171040.5,171401.5,171761.5,172110.0,172444.5,172781.0,173106.5,173425.0,173740.0,174046.0,174348.0,174644.0,174938.5,175222.0,175508.5,175780.5,176048.5,176307.0,176565.5,176817.5,177063.5,177307.5,177546.5,177778.0,178006.0,178227.5,178452.5,178669.0,178877.5,179080.0,179281.5,179476.5,179667.5,179856.5,180047.0,180229.0,180404.0,180572.5,180735.5,180892.5,181051.0,181200.0,181348.0,181485.5,181625.0,181758.0,181886.0,182010.0,182137.0,182255.0,182372.0,182487.0,182600.0,182711.0,182816.0,182919.0,183020.0,183119.0,183212.0,183306.5,183398.0,183486.0,183570.5,183657.0,183739.0,183820.0,183900.0,183979.0,184057.0,184133.5,184205.0,184279.0,184347.5,184420.0,184489.0,184555.5,184617.5,184679.0,184743.0,184803.0,184864.0,184923.0,184980.0,185034.5,185086.5,185140.0,185192.0,185242.0,185288.5,185335.0,185385.0,185430.0,185474.0,185516.0,185558.0,185598.0,185639.0,185680.5,185718.5,185756.5,185795.5,185831.0,185866.5,185899.0,185934.5,185969.0,186001.0,186033.0,186063.5,186095.0,186124.5,186152.5,186179.5,186207.5,186233.5,186259.5,186284.0,186309.0,186333.5,186356.5,186378.0,186400.0,186421.0,186442.0,186463.0,186481.5,186499.5,186517.5,186535.5,186553.0,186569.5,186587.0,186603.0,186618.0,186634.0,186648.0,186662.0,186676.0,186689.0,186702.0,186714.0,186726.0,186739.0,186751.0,186761.5,186772.5,186782.5,186792.5,186802.5,186812.5,186821.5,186831.5,186840.5,186849.5,186857.5,186865.5,186873.5,186880.5,186888.5,186895.0,186902.0,186909.0,186916.0,186923.0,186930.0,186936.0,186943.0,186949.0,186954.5,186959.5,186964.5,186969.5,186975.0,186980.0,186985.0,186990.0,186994.5,186999.5,187003.5,187007.5
Nyandarua,0.0,0.0,0.0,0.0,0.0,0.0,0.0,0.0,0.0,0.0,0.0,0.0,0.0,0.0,0.0,1.0,2.0,3.0,4.0,5.0,6.0,7.0,8.0,9.0,10.0,11.0,12.0,13.0,14.0,15.0,16.0,17.0,18.0,19.0,20.0,21.0,22.0,23.0,24.0,25.0,26.0,27.0,28.0,29.0,30.0,31.0,32.0,33.0,35.0,37.0,39.0,41.0,43.0,45.0,47.0,49.0,51.0,53.0,55.0,57.0,59.0,61.0,63.0,65.0,67.0,69.0,71.0,73.0,75.0,78.0,81.0,83.5,86.5,89.5,92.0,95.0,98.0,101.0,104.0,107.0,110.0,114.0,118.0,121.0,125.0,129.0,133.0,137.0,142.0,146.0,151.0,156.0,160.5,165.5,170.5,175.5,180.5,185.5,191.5,197.5,203.5,209.5,215.5,222.0,228.0,235.0,242.0,249.0,256.0,263.0,271.0,279.0,287.0,296.0,304.5,313.5,322.5,331.5,340.5,350.5,359.5,369.5,380.5,390.5,401.5,412.5,424.5,436.5,448.5,461.5,474.5,488.5,502.0,516.0,530.0,545.0,560.0,575.5,591.5,607.5,624.5,642.0,660.0,678.0,696.0,714.5,733.5,754.5,775.5,797.5,818.5,841.5,864.5,888.5,912.5,937.5,962.5,988.5,1016.5,1044.5,1073.5,1103.5,1132.5,1163.5,1195.5,1227.0,1260.0,1295.0,1329.0,1364.0,1399.0,1438.0,1476.5,1515.5,1557.5,1601.5,1648.0,1693.0,1741.0,1791.0,1842.0,1896.0,1948.5,2004.5,2064.0,2124.5,2189.0,2254.0,2321.0,2391.0,2465.0,2540.0,2615.5,2697.5,2781.5,2868.5,2955.5,3049.5,3144.5,3242.5,3347.5,3454.5,3566.0,3680.0,3794.5,3913.0,4040.5,4165.5,4298.5,4435.5,4579.0,4731.5,4883.0,5041.5,5199.5,5375.5,5554.5,5734.5,5921.0,6121.0,6325.0,6530.5,6754.0,6984.5,7223.0,7465.5,7713.0,7961.5,8217.0,8472.5,8739.0,9012.0,9293.0,9577.0,9870.0,10175.5,10493.5,10813.5,11138.0,11474.0,11803.5,12156.5,12510.5,12879.0,13251.5,13641.0,14029.0,14435.5,14854.0,15271.0,15690.5,16124.5,16575.5,17031.5,17491.0,17975.0,18464.0,18965.0,19473.5,19998.0,20519.5,21058.0,21615.0,22176.0,22760.5,23354.5,23944.0,24547.0,25166.5,25793.0,26439.0,27099.0,27760.0,28422.0,29105.5,29824.5,30524.5,31247.0,31976.5,32726.0,33492.0,34256.0,35039.0,35834.5,36627.5,37447.5,38291.0,39127.0,39994.0,40861.5,41732.0,42618.5,43512.5,44414.5,45318.0,46247.0,47186.0,48132.0,49099.5,50071.0,51062.5,52086.5,53128.5,54179.5,55268.5,56380.5,57495.0,58636.0,59783.0,60950.5,62126.0,63320.0,64548.5,65772.5,67021.5,68290.5,69569.0,70874.0,72182.5,73514.5,74869.0,76207.0,77567.5,78938.5,80299.0,81696.5,83095.0,84493.0,85919.0,87344.0,88782.0,90224.5,91668.5,93132.0,94592.0,96038.5,97505.5,98971.0,100425.0,101881.5,103342.0,104805.5,106263.5,107704.0,109153.5,110600.0,112045.5,113509.0,114955.5,116401.0,117832.0,119278.5,120712.5,122140.5,123567.0,124981.5,126404.0,127815.5,129227.0,130630.0,132029.0,133418.5,134802.5,136174.0,137541.5,138906.5,140259.5,141617.5,142956.5,144295.5,145605.5,146927.0,148225.5,149512.5,150797.0,152062.5,153314.0,154573.5,155811.5,157042.5,158247.5,159437.5,160631.5,161801.5,162956.0,164099.0,165236.5,166358.5,167433.5,168521.0,169589.0,170633.0,171665.0,172673.0,173673.0,174638.5,175572.0,176481.0,177389.5,178251.5,179114.0,179938.5,180739.0,181524.0,182299.5,183056.5,183794.5,184518.0,185220.0,185897.0,186568.5,187221.5,187846.5,188472.5,189082.0,189681.0,190266.0,190834.5,191390.0,191927.0,192460.5,192977.0,193498.0,194008.0,194509.5,195003.5,195486.5,195950.0,196411.5,196867.5,197309.0,197746.0,198170.5,198596.5,199006.5,199403.5,199791.5,200180.0,200549.0,200915.0,201275.5,201623.5,201975.5,202318.5,202653.0,202980.0,203294.0,203601.0,203903.0,204198.5,204494.0,204780.0,205054.0,205334.5,205603.5,205871.0,206128.0,206373.5,206613.0,206855.0,207090.0,207328.0,207552.0,207774.0,207991.5,208208.5,208420.0,208622.0,208819.5,209006.0,209194.0,209378.5,209557.0,209736.5,209910.5,210081.0,210244.0,210403.0,210559.5,210715.0,210867.5,211020.0,211167.5,211304.5,211446.5,211581.5,211714.5,211845.5,211977.5,212099.5,212222.0,212340.5,212460.5,212573.5,212688.5,212801.5,212907.5,213010.5,213107.5,213206.0,213308.5,213404.0,213502.0,213596.5,213687.0,213776.0,213863.5,213949.5,214035.5,214117.5,214200.5,214278.5,214354.0,214426.0,214498.5,214571.5,214642.5,214705.5,214765.0,214828.0,214888.0,214948.0,215005.5,215062.0,215116.0,215168.0,215219.0,215268.5,215315.0,215361.0,215407.0,215452.0,215494.0,215534.0,215575.0,215616.0,215651.0,215687.5,215724.5,215760.0,215796.0,215831.0,215865.0,215898.0,215932.0,215962.0,215994.0,216024.5,216054.5,216084.5,216112.5,216140.5,216168.5,216195.5,216221.5,216247.5,216271.5,216295.5,216318.5,216343.0,216366.5,216389.0,216412.5,216433.5,216454.5,216476.5,216496.5,216516.5,216537.5,216555.5,216574.0,216593.0,216613.0,216631.0,216648.0,216665.0,216681.0,216697.0,216712.5,216728.5,216742.5,216757.0,216771.5,216784.5,216797.5,216810.5,216823.5,216835.5,216848.5,216860.5,216872.5,216883.5,216894.0,216904.0,216915.0,216926.0,216936.0,216946.0,216956.0,216966.0,216975.5,216984.5,216993.0,217001.0,217009.0,217017.0,217025.0,217032.0,217039.0,217046.0,217052.0,217059.0,217066.0,217072.0,217078.0,217084.0,217090.0,217095.0,217100.0,217105.0,217110.0,217115.0,217120.0,217125.0,217130.0,217134.0,217138.0,217142.0,217146.0,217150.0,217153.0,217157.0,217161.0,217164.0,217167.0,217170.5,217173.5,217176.5,217179.5,217182.5,217185.5,217188.5,217191.5,217194.5,217196.5,217198.5,217200.5,217202.5,217205.5,217207.5,217209.5,217211.5,217213.5,217215.5,217217.5,217219.5,217221.5,217223.5
Nyeri,0.0,0.0,0.0,0.0,0.0,0.0,0.0,0.0,0.0,0.0,1.0,2.0,3.0,4.0,5.0,6.0,7.0,8.0,9.0,10.0,11.0,12.0,13.0,14.0,15.0,16.0,17.0,18.0,19.0,21.0,22.0,24.0,25.0,26.0,28.0,29.0,31.0,32.5,34.5,36.5,38.5,40.5,42.5,44.5,46.5,48.5,50.5,52.5,54.5,56.5,58.5,60.5,62.5,64.5,66.5,68.5,71.5,74.5,77.5,80.5,83.5,86.5,89.5,92.5,95.5,98.5,101.5,105.5,108.5,112.5,116.5,120.5,124.5,128.5,132.5,136.5,140.5,145.5,149.5,153.5,158.5,163.5,168.5,173.5,178.5,183.5,189.5,195.5,201.5,207.5,213.5,219.5,225.5,231.5,238.5,245.5,252.5,259.5,266.5,273.5,281.5,289.5,298.0,307.0,315.0,324.5,333.5,342.5,351.5,360.5,370.5,381.5,391.5,401.5,413.5,425.5,437.5,448.5,460.5,472.5,486.5,499.5,513.5,527.5,541.5,556.5,572.5,587.5,603.5,619.5,635.5,652.5,668.5,685.5,703.5,721.5,740.5,760.5,780.5,800.5,820.5,842.5,864.5,886.5,910.5,933.5,957.5,981.5,1006.5,1031.0,1057.0,1084.0,1111.0,1139.0,1167.0,1198.0,1228.5,1260.5,1291.5,1322.5,1355.0,1388.0,1423.0,1458.0,1496.0,1533.0,1573.0,1612.0,1653.0,1695.0,1738.0,1782.0,1826.0,1872.0,1919.0,1969.0,2022.0,2075.0,2130.0,2185.5,2244.5,2306.5,2369.5,2435.0,2502.0,2568.5,2640.0,2712.5,2792.5,2874.5,2954.5,3038.0,3126.0,3217.0,3307.0,3400.5,3498.0,3600.0,3707.5,3819.5,3936.5,4053.0,4173.0,4298.5,4426.0,4562.0,4700.0,4839.5,4991.5,5141.5,5303.0,5460.5,5628.5,5804.5,5985.0,6173.5,6361.0,6563.5,6769.5,6988.5,7210.5,7434.5,7664.0,7903.0,8144.0,8394.5,8653.0,8911.5,9185.5,9458.0,9745.5,10041.0,10340.0,10647.5,10964.0,11278.0,11598.0,11922.0,12252.5,12599.5,12947.5,13305.0,13679.5,14062.0,14444.0,14836.5,15249.5,15655.5,16090.5,16516.5,16954.0,17389.0,17835.5,18293.5,18774.0,19261.0,19752.0,20262.0,20771.5,21282.0,21822.0,22371.5,22922.5,23494.5,24066.0,24636.5,25216.5,25813.0,26427.5,27038.5,27682.0,28322.5,28980.5,29652.0,30327.0,31025.5,31722.5,32434.5,33157.5,33896.0,34651.0,35395.5,36168.0,36948.5,37738.5,38535.5,39338.5,40157.0,40999.0,41839.5,42714.0,43573.5,44461.0,45363.0,46263.5,47166.0,48080.5,49017.5,49955.5,50923.5,51919.0,52932.0,53947.5,54968.5,56036.0,57119.5,58229.5,59336.5,60476.5,61639.5,62804.5,63982.0,65181.0,66406.5,67634.0,68876.5,70153.0,71437.5,72750.5,74062.5,75403.0,76747.0,78118.0,79484.5,80887.0,82291.0,83715.0,85150.0,86600.0,88061.5,89529.0,90985.5,92475.5,93975.5,95483.5,96986.5,98510.0,100009.0,101528.0,103060.5,104575.0,106109.5,107649.5,109197.0,110740.5,112284.0,113832.0,115391.0,116932.0,118477.0,120013.0,121563.5,123101.0,124641.0,126180.0,127716.5,129236.5,130755.0,132283.0,133784.0,135304.0,136816.5,138326.0,139829.5,141314.5,142799.5,144277.5,145749.5,147223.0,148683.5,150140.5,151580.5,153016.5,154436.0,155851.5,157262.0,158665.5,160059.0,161448.5,162820.5,164170.5,165522.5,166860.0,168198.0,169518.0,170831.0,172132.5,173407.5,174690.5,175941.5,177166.5,178398.0,179616.0,180815.0,181994.5,183149.0,184271.5,185360.0,186446.0,187505.5,188545.5,189548.0,190548.5,191527.0,192464.0,193393.5,194307.5,195207.0,196081.5,196944.0,197780.0,198588.5,199385.5,200166.5,200918.0,201658.0,202376.0,203098.5,203789.0,204478.0,205146.5,205807.5,206465.5,207109.5,207745.5,208371.0,208975.0,209567.5,210147.5,210723.0,211298.0,211854.5,212394.0,212925.5,213440.0,213956.0,214455.0,214947.5,215427.5,215902.0,216377.5,216837.0,217279.5,217717.5,218146.0,218560.0,218964.5,219364.5,219763.0,220162.5,220542.0,220910.0,221279.5,221636.0,221983.5,222327.5,222665.0,222988.5,223311.0,223619.5,223924.5,224230.5,224525.0,224813.0,225084.0,225361.5,225636.0,225907.5,226165.5,226421.5,226669.5,226913.0,227147.5,227382.0,227604.5,227827.0,228043.5,228261.5,228463.5,228660.0,228862.0,229055.5,229248.0,229441.5,229628.0,229805.0,229979.0,230151.0,230316.5,230481.5,230643.0,230795.5,230943.0,231094.5,231244.5,231387.5,231531.0,231670.5,231805.5,231935.5,232063.5,232187.5,232310.0,232433.0,232552.0,232666.5,232781.0,232894.0,233003.0,233108.0,233211.5,233314.0,233414.0,233512.0,233607.0,233701.0,233789.0,233873.0,233957.0,234039.0,234117.0,234193.0,234269.0,234344.5,234416.5,234484.0,234552.0,234618.0,234680.5,234739.5,234803.0,234860.0,234917.5,234973.0,235023.0,235076.0,235127.0,235176.0,235225.0,235273.0,235321.0,235367.5,235414.0,235458.0,235501.0,235543.0,235583.5,235623.0,235662.0,235700.0,235738.0,235775.0,235810.5,235847.0,235881.0,235914.0,235948.0,235982.0,236014.5,236048.0,236079.0,236109.0,236138.0,236167.0,236194.0,236222.5,236249.5,236275.5,236301.0,236327.0,236352.0,236376.0,236398.5,236422.5,236444.5,236467.0,236488.0,236510.0,236530.0,236550.0,236569.0,236589.0,236607.5,236625.5,236643.5,236662.5,236680.5,236697.5,236714.5,236730.5,236746.5,236762.5,236778.5,236792.5,236807.5,236821.5,236835.5,236847.5,236860.5,236874.5,236886.5,236899.0,236910.0,236920.0,236931.0,236943.0,236953.0,236964.0,236974.0,236984.0,236993.0,237002.0,237011.0,237020.0,237029.0,237037.0,237045.0,237053.0,237060.0,237067.0,237074.0,237081.0,237088.0,237095.0,237101.5,237107.0,237113.0,237119.0,237125.0,237130.0,237135.0,237141.0,237147.0,237152.0,237157.0,237162.0,237166.5,237171.5,237175.5,237179.5,237183.5,237188.5,237192.5,237196.5,237200.5,237204.5,237208.5,237212.5,237216.0,237219.0,237223.0,237226.0,237229.0,237232.0,237235.0,237238.0,237241.0,237244.0
Samburu,0.0,0.0,0.0,0.0,0.0,0.0,0.0,0.0,0.0,0.0,0.0,0.0,0.0,0.0,0.0,0.0,0.0,0.0,0.0,0.0,0.0,0.0,0.0,0.0,0.0,0.0,0.0,0.0,0.0,0.0,0.0,0.0,0.0,0.0,0.0,0.0,0.0,0.0,0.0,0.0,0.0,0.0,0.0,0.0,0.0,0.0,0.0,0.0,0.0,0.0,0.0,0.0,0.0,0.0,0.0,0.0,0.0,0.0,0.0,0.0,0.0,0.0,1.0,1.0,1.0,2.0,3.0,4.0,4.0,5.0,6.0,7.0,8.0,9.0,10.0,11.0,12.0,13.0,14.0,15.0,16.0,17.0,18.0,19.0,20.0,21.0,22.0,23.0,24.0,25.0,26.0,27.0,29.0,31.0,33.0,35.0,37.0,39.0,41.0,43.0,45.0,47.0,50.0,52.0,55.0,58.0,61.0,64.0,67.0,70.0,74.0,77.0,81.0,84.0,87.0,91.0,95.0,99.0,103.0,107.0,112.0,116.0,121.0,126.0,131.0,136.0,141.0,147.0,153.0,159.0,166.0,172.0,178.5,184.5,191.5,198.5,205.5,212.5,220.5,229.5,237.5,246.5,255.5,264.5,273.5,283.5,292.5,301.5,313.0,324.0,336.0,349.0,361.0,374.0,387.0,401.0,415.5,430.0,444.0,459.0,475.0,492.0,509.0,525.0,544.0,563.0,582.0,602.5,623.5,643.5,664.5,686.0,709.5,734.5,758.5,783.5,809.5,838.5,865.5,895.5,925.0,959.0,992.0,1028.0,1063.5,1101.5,1142.5,1183.0,1226.0,1268.5,1314.5,1362.5,1410.5,1462.0,1514.5,1568.5,1626.5,1683.5,1743.0,1808.0,1877.5,1947.0,2021.0,2098.5,2177.5,2259.0,2342.0,2429.0,2523.0,2619.0,2722.0,2820.5,2925.5,3037.5,3152.0,3266.0,3391.0,3519.5,3648.0,3785.0,3924.0,4071.5,4229.0,4389.5,4547.5,4717.5,4889.0,5061.5,5238.5,5421.0,5607.5,5797.0,5995.5,6195.5,6395.0,6598.0,6816.5,7029.5,7260.5,7485.5,7726.0,7964.0,8205.5,8464.5,8722.0,8982.0,9261.5,9533.0,9818.5,10096.5,10388.0,10683.0,10992.0,11311.0,11626.5,11954.5,12283.0,12619.0,12970.0,13318.5,13676.0,14040.0,14415.5,14794.0,15191.0,15583.0,15989.0,16404.0,16817.0,17251.0,17686.5,18143.5,18619.0,19073.5,19539.5,20022.0,20519.0,21018.5,21527.5,22047.0,22562.5,23090.0,23624.5,24167.0,24720.0,25277.5,25846.0,26432.0,27009.0,27580.5,28176.0,28782.0,29396.0,30018.5,30639.0,31267.0,31909.0,32564.5,33230.0,33902.0,34589.5,35295.5,36005.0,36730.0,37478.0,38221.0,38974.5,39748.5,40516.5,41297.5,42102.5,42907.0,43715.0,44526.0,45337.5,46156.5,46985.0,47830.0,48681.5,49540.0,50397.0,51247.5,52095.0,52968.0,53833.0,54712.0,55591.0,56473.0,57350.5,58241.0,59132.0,60023.5,60918.5,61815.0,62723.0,63620.0,64527.0,65430.0,66345.5,67252.5,68170.0,69097.0,70017.0,70927.0,71840.0,72758.5,73672.5,74590.5,75493.5,76398.5,77301.5,78219.0,79119.0,80017.5,80909.0,81787.5,82676.0,83552.0,84424.0,85288.0,86143.0,86993.0,87830.0,88668.5,89504.5,90336.0,91151.0,91955.0,92740.5,93522.5,94300.0,95069.0,95834.0,96589.0,97324.0,98047.0,98763.5,99463.0,100166.0,100857.5,101521.5,102176.0,102831.5,103470.0,104096.0,104712.5,105311.5,105918.0,106508.0,107070.0,107616.0,108168.0,108700.5,109223.0,109745.5,110237.0,110724.0,111185.0,111630.5,112078.5,112503.0,112919.0,113321.5,113715.0,114104.0,114474.0,114829.0,115181.0,115524.5,115854.5,116169.5,116475.5,116783.5,117083.0,117368.0,117644.0,117913.0,118177.0,118438.0,118692.5,118938.0,119184.5,119427.0,119666.0,119895.0,120113.0,120326.0,120539.5,120751.5,120947.5,121151.5,121346.5,121533.0,121720.5,121900.0,122076.0,122248.5,122418.0,122578.0,122742.0,122900.0,123049.5,123197.0,123342.0,123481.5,123617.5,123749.0,123883.0,124008.5,124130.5,124249.0,124376.5,124491.5,124604.5,124716.5,124826.5,124937.5,125043.0,125144.5,125240.5,125341.5,125434.5,125524.5,125616.0,125704.5,125787.5,125867.0,125949.5,126029.0,126107.5,126182.0,126258.5,126329.5,126399.5,126468.0,126535.0,126601.5,126664.5,126723.5,126782.0,126840.0,126900.0,126950.5,127006.5,127058.0,127111.0,127161.0,127210.0,127260.5,127308.5,127353.5,127400.0,127442.0,127484.0,127526.0,127566.5,127604.0,127644.0,127679.0,127716.5,127751.5,127786.5,127821.5,127853.5,127885.5,127918.5,127948.5,127978.5,128007.5,128037.5,128065.5,128093.5,128118.5,128144.5,128168.5,128192.5,128214.5,128236.5,128259.5,128280.5,128301.5,128321.0,128342.0,128362.0,128380.0,128398.0,128415.0,128431.0,128447.0,128463.0,128477.0,128491.0,128504.0,128518.0,128531.0,128544.0,128556.0,128568.0,128581.0,128592.0,128604.0,128615.0,128626.0,128637.0,128647.0,128658.0,128668.0,128678.0,128687.0,128696.0,128706.0,128715.0,128723.0,128730.0,128738.0,128746.0,128754.0,128761.0,128768.0,128775.5,128782.5,128788.5,128794.5,128801.5,128808.0,128814.0,128820.0,128827.0,128833.0,128839.0,128845.0,128850.0,128855.0,128860.0,128865.0,128870.0,128875.0,128880.0,128885.0,128889.0,128894.0,128898.0,128902.0,128906.0,128910.0,128914.0,128918.0,128922.0,128925.0,128929.0,128932.0,128935.0,128938.0,128941.0,128944.0,128947.0,128950.0,128953.0,128955.5,128957.5,128959.5,128961.5,128963.5,128965.5,128967.5,128969.5,128971.5,128973.5,128975.5,128977.5,128979.5,128981.5,128983.5,128985.5,128987.0,128988.0,128989.0,128991.0,128992.0,128993.0,128994.0,128995.0,128996.0,128997.0,128998.0,128999.0,129000.0,129001.0,129002.0,129003.0,129004.0,129005.0,129006.0,129007.0,129008.0,129009.0,129010.0,129011.0,129012.0,129012.0,129013.0,129014.0,129015.0,129015.0,129016.0,129016.0,129016.0,129016.5,129016.5,129016.5,129016.5,129016.5,129016.5,129016.5,129016.5,129016.5,129016.5,129016.5
Siaya,0.0,0.0,0.0,0.0,0.0,0.0,0.0,0.0,0.0,0.0,0.0,0.0,0.0,0.0,0.0,0.0,0.0,0.0,0.0,0.0,0.0,0.0,0.0,0.0,0.0,0.0,0.0,0.0,0.0,0.0,0.0,0.0,0.0,0.0,0.0,0.0,0.0,0.0,0.0,0.0,0.0,0.0,0.0,0.0,0.0,0.0,0.0,0.0,0.0,0.0,0.0,0.0,0.0,0.0,0.0,0.0,0.0,0.0,0.0,0.0,0.0,0.0,0.0,0.0,0.0,0.0,0.0,0.0,0.0,0.0,0.0,0.0,0.0,0.0,0.0,0.0,0.0,0.0,1.0,1.0,1.0,2.0,3.0,4.0,5.0,6.0,7.0,8.0,9.0,10.0,11.0,12.0,13.0,14.0,15.0,16.0,17.0,18.0,19.0,20.0,21.5,22.5,23.5,24.5,26.5,27.5,29.5,31.5,33.5,35.5,37.0,39.0,41.0,43.0,45.0,47.0,49.0,51.0,53.0,55.0,58.0,61.0,64.0,67.0,70.0,73.0,76.0,79.0,82.0,86.0,90.0,93.0,97.0,101.0,105.0,109.0,113.0,118.0,122.0,127.0,132.5,137.5,142.5,148.5,154.5,160.5,166.5,172.5,179.5,186.5,192.5,199.5,206.5,214.5,222.5,230.5,238.5,246.5,255.5,264.5,274.5,284.5,294.5,305.5,316.5,327.5,338.5,350.5,362.5,374.5,387.5,400.5,414.0,428.0,444.0,458.0,473.0,489.0,507.0,525.0,544.0,564.0,584.0,605.0,626.0,648.0,671.0,694.5,721.5,746.5,772.5,800.0,829.0,859.0,891.0,923.5,956.0,989.5,1026.5,1063.5,1102.0,1141.0,1182.5,1224.5,1270.0,1314.0,1360.5,1409.5,1460.0,1516.5,1571.0,1626.5,1684.5,1746.5,1809.5,1875.0,1945.0,2014.0,2086.5,2161.5,2242.0,2325.0,2410.5,2500.5,2588.0,2681.0,2775.0,2874.0,2974.0,3078.5,3186.5,3300.0,3411.0,3526.5,3641.0,3759.5,3885.5,4010.0,4136.5,4269.0,4406.5,4553.0,4695.0,4844.5,4994.5,5148.5,5306.0,5465.0,5635.0,5811.0,5987.5,6171.0,6364.0,6559.5,6757.5,6964.5,7173.5,7392.0,7609.5,7832.5,8060.5,8288.5,8535.5,8789.0,9042.0,9300.5,9563.5,9829.0,10107.0,10390.0,10679.0,10982.5,11285.0,11593.5,11913.5,12231.5,12563.5,12906.0,13268.0,13625.0,13987.0,14354.5,14735.0,15123.5,15515.0,15911.5,16338.0,16759.5,17188.0,17624.0,18076.0,18543.5,19015.0,19490.5,19989.5,20489.0,20997.0,21526.0,22060.5,22610.0,23177.0,23758.5,24366.5,24989.0,25621.5,26291.5,26966.0,27663.0,28392.0,29132.5,29898.0,30674.0,31465.0,32279.5,33129.0,34005.0,34903.0,35823.0,36760.5,37733.5,38727.0,39730.5,40784.5,41850.5,42933.5,44038.0,45176.5,46349.0,47558.0,48781.5,50034.5,51307.5,52590.5,53947.5,55296.0,56690.5,58121.0,59567.5,61069.5,62569.0,64116.0,65695.5,67304.0,68940.5,70602.5,72304.0,74059.0,75811.0,77611.5,79428.0,81289.0,83194.0,85113.5,87069.0,89058.5,91096.0,93136.5,95231.5,97360.0,99483.0,101644.5,103842.0,106081.0,108335.0,110593.0,112922.5,115255.5,117610.5,119973.0,122372.5,124802.5,127248.0,129707.0,132193.5,134686.0,137210.0,139709.5,142230.5,144753.0,147289.5,149858.0,152434.5,154980.5,157544.5,160108.0,162647.0,165187.5,167759.0,170344.5,172911.5,175447.0,177993.5,180528.0,183047.0,185544.5,187997.0,190427.0,192829.5,195186.0,197527.5,199825.0,202083.5,204323.0,206543.5,208736.0,210909.0,213056.0,215177.0,217262.0,219344.5,221400.5,223443.0,225458.0,227426.0,229394.5,231325.5,233239.5,235116.0,236983.0,238853.0,240731.5,242583.5,244436.0,246270.5,248103.0,249918.0,251719.0,253502.0,255256.0,257007.5,258733.5,260441.5,262140.5,263809.0,265467.0,267100.5,268721.5,270296.0,271865.5,273401.0,274922.5,276401.0,277869.5,279323.5,280748.0,282154.0,283554.5,284921.0,286283.0,287603.0,288919.5,290196.5,291462.5,292691.0,293897.0,295112.5,296267.0,297416.5,298537.5,299646.5,300737.0,301804.5,302860.5,303901.0,304913.0,305927.5,306902.5,307863.5,308804.0,309723.5,310614.0,311512.0,312368.5,313218.0,314050.5,314869.0,315670.0,316454.5,317213.0,317973.5,318715.0,319426.0,320130.0,320818.0,321493.5,322154.0,322810.5,323450.0,324067.5,324671.0,325265.0,325846.5,326419.5,326979.0,327516.0,328049.5,328573.0,329080.5,329584.0,330077.0,330555.0,331022.5,331476.5,331922.0,332357.5,332778.5,333189.0,333591.0,333985.0,334375.0,334758.5,335124.5,335481.5,335841.0,336187.5,336516.5,336831.0,337149.0,337447.5,337735.0,338018.5,338289.5,338554.0,338808.0,339059.5,339305.0,339547.0,339773.0,339995.0,340210.0,340425.0,340626.0,340826.5,341025.0,341216.0,341397.5,341579.0,341752.0,341922.5,342093.5,342255.5,342422.5,342581.0,342739.0,342890.5,343042.5,343185.0,343329.0,343463.5,343599.5,343734.5,343864.0,343996.5,344119.0,344239.0,344358.0,344471.0,344579.5,344693.0,344796.5,344903.0,344999.5,345104.0,345202.0,345295.5,345389.0,345481.5,345570.0,345654.0,345741.0,345825.5,345906.0,345984.0,346058.0,346132.5,346204.5,346275.0,346347.0,346417.5,346484.5,346549.0,346613.5,346672.5,346730.5,346789.0,346848.5,346902.5,346961.0,347014.0,347066.0,347114.0,347161.0,347208.5,347252.0,347295.5,347337.0,347377.0,347416.0,347453.0,347491.5,347528.5,347562.5,347596.5,347629.0,347662.5,347695.5,347727.5,347755.5,347783.5,347810.5,347839.0,347865.0,347890.5,347915.5,347939.0,347961.5,347985.5,348009.0,348029.5,348050.5,348069.5,348089.0,348108.0,348127.0,348145.5,348162.5,348179.5,348195.5,348212.5,348228.5,348243.5,348256.5,348270.5,348284.5,348298.5,348311.5,348323.5,348336.5,348348.0,348359.0,348369.0,348380.0,348391.0,348401.5,348410.5,348419.5,348429.5,348438.5,348447.5,348456.5,348465.0,348474.0,348482.0,348490.0,348498.0,348505.0,348513.0,348520.0
Taita Taveta,0.0,0.0,0.0,0.0,0.0,0.0,0.0,0.0,1.0,2.0,3.0,4.0,5.0,6.0,7.0,8.0,9.0,10.0,11.0,12.0,14.0,15.0,17.0,19.0,21.0,23.0,25.0,27.0,29.0,31.0,33.0,35.0,37.0,39.0,42.0,44.5,47.5,50.0,53.0,56.0,59.0,62.0,65.0,68.0,72.0,76.0,80.0,84.0,88.0,92.0,96.0,100.0,105.0,110.0,115.0,120.0,125.0,131.0,137.0,143.0,149.0,156.0,163.0,170.0,177.0,184.0,192.0,200.0,208.0,217.0,225.0,234.0,243.0,253.0,263.0,273.0,284.0,295.0,306.0,317.5,329.5,342.5,355.5,369.5,383.5,397.5,413.5,429.5,445.5,462.5,479.5,496.5,516.5,536.5,556.5,576.5,597.5,619.0,643.0,666.0,690.5,717.5,743.5,770.5,798.5,827.5,858.5,889.5,922.0,956.0,989.0,1024.0,1059.0,1096.5,1135.5,1174.5,1216.0,1258.0,1304.5,1351.5,1400.5,1449.5,1504.0,1559.0,1612.5,1672.0,1731.0,1793.0,1854.5,1919.5,1987.0,2058.0,2129.5,2205.0,2279.0,2358.0,2437.0,2521.0,2609.0,2698.5,2788.0,2879.5,2981.5,3081.5,3189.5,3301.5,3415.5,3534.5,3655.0,3783.5,3909.5,4038.5,4173.0,4315.5,4460.5,4613.0,4766.0,4921.0,5083.5,5256.0,5424.5,5601.0,5783.0,5971.0,6169.0,6370.5,6580.0,6794.0,7016.5,7238.0,7468.5,7715.5,7970.0,8236.5,8511.0,8800.5,9103.0,9414.5,9734.0,10062.5,10415.5,10774.0,11152.0,11533.0,11936.5,12356.0,12796.0,13246.0,13711.0,14200.0,14697.0,15227.0,15763.0,16318.5,16901.0,17499.5,18121.0,18767.5,19424.5,20118.0,20813.0,21534.5,22273.5,23049.0,23840.5,24649.5,25489.5,26363.0,27257.5,28186.0,29128.5,30104.0,31099.0,32125.0,33173.5,34239.5,35343.5,36466.0,37622.0,38795.0,40009.5,41246.0,42484.5,43748.0,45045.5,46353.5,47679.0,48985.5,50301.0,51608.0,52921.0,54247.5,55553.5,56870.5,58186.5,59508.5,60829.5,62140.0,63452.5,64747.0,66044.5,67312.0,68593.5,69855.5,71113.0,72372.0,73618.5,74858.0,76081.5,77306.0,78506.5,79697.5,80867.5,82025.0,83177.0,84317.0,85450.5,86579.0,87690.0,88792.5,89890.5,90967.0,92043.5,93093.5,94130.5,95146.5,96167.5,97168.0,98154.5,99121.5,100071.5,101013.5,101946.5,102844.5,103742.5,104626.0,105500.0,106353.0,107205.0,108026.0,108839.0,109633.5,110400.5,111172.5,111933.5,112676.5,113402.0,114115.5,114815.0,115486.0,116143.0,116772.0,117398.5,118003.0,118608.5,119191.5,119774.5,120335.0,120871.5,121410.0,121941.5,122467.5,122976.0,123477.5,123970.0,124456.0,124934.5,125401.0,125862.0,126292.5,126728.0,127151.0,127569.0,127978.0,128381.5,128769.0,129139.5,129516.5,129884.5,130241.0,130593.0,130934.0,131268.0,131595.5,131911.5,132222.5,132529.5,132833.0,133131.5,133420.5,133703.5,133977.5,134254.5,134523.0,134785.0,135036.0,135283.0,135527.0,135768.5,136004.0,136234.0,136455.5,136671.0,136877.5,137087.0,137293.5,137494.0,137694.0,137883.5,138071.0,138257.5,138440.5,138614.0,138783.0,138957.0,139124.5,139287.0,139445.0,139608.0,139762.5,139914.0,140061.5,140207.0,140352.0,140489.0,140628.0,140762.0,140892.0,141021.5,141146.5,141267.0,141389.5,141508.5,141623.5,141740.0,141850.0,141961.0,142068.0,142172.0,142276.5,142379.5,142479.5,142579.5,142677.0,142772.0,142866.0,142958.0,143052.5,143141.5,143226.5,143313.0,143394.0,143475.0,143555.0,143636.0,143714.5,143788.5,143863.5,143937.0,144005.5,144077.5,144146.0,144212.5,144277.5,144339.0,144402.5,144462.5,144522.5,144580.5,144637.5,144692.5,144745.0,144796.5,144846.5,144895.5,144944.0,144994.0,145042.0,145088.0,145134.0,145179.0,145222.0,145266.0,145308.5,145351.0,145392.0,145434.0,145475.0,145514.0,145550.0,145587.0,145626.0,145662.0,145697.0,145732.0,145766.5,145799.5,145832.0,145864.5,145896.5,145927.5,145959.5,145990.5,146019.5,146048.5,146077.0,146106.0,146134.0,146161.0,146187.0,146213.0,146239.0,146265.0,146289.5,146314.5,146338.5,146361.5,146384.5,146406.5,146429.5,146450.5,146472.5,146494.5,146514.5,146535.5,146556.5,146575.5,146595.5,146614.0,146634.0,146652.0,146669.0,146688.0,146706.0,146724.0,146740.0,146757.0,146773.0,146789.0,146804.0,146819.0,146834.0,146848.0,146864.0,146879.0,146893.0,146907.0,146920.0,146933.0,146946.0,146958.5,146970.5,146982.5,146995.5,147007.5,147018.5,147029.5,147039.5,147050.5,147060.5,147070.5,147080.5,147090.5,147099.5,147108.5,147117.5,147127.5,147136.5,147144.5,147153.5,147162.5,147171.5,147179.5,147187.5,147195.5,147202.5,147210.5,147217.5,147224.5,147231.5,147238.5,147244.5,147250.5,147256.5,147263.5,147268.5,147274.5,147280.5,147286.5,147291.5,147296.5,147301.5,147306.5,147311.0,147316.0,147320.5,147325.5,147329.5,147334.5,147339.5,147344.5,147348.5,147352.5,147356.5,147360.5,147364.5,147368.5,147372.0,147376.0,147380.0,147383.0,147386.0,147390.0,147393.0,147396.0,147399.0,147402.0,147405.0,147408.0,147411.0,147414.0,147417.0,147420.0,147423.0,147426.0,147428.0,147431.0,147433.0,147435.0,147438.0,147440.0,147442.0,147444.0,147446.0,147448.0,147450.0,147452.0,147454.0,147456.0,147458.0,147459.0,147461.0,147463.0,147464.0,147466.0,147468.0,147470.0,147472.0,147473.0,147474.0,147476.0,147477.0,147478.0,147479.0,147480.0,147481.0,147482.0,147483.0,147484.0,147485.0,147486.0,147487.0,147488.0,147489.0,147490.0,147491.0,147492.0,147493.0,147494.0,147495.0,147496.0,147497.0,147498.0,147499.0,147500.0,147501.0,147502.0,147503.0,147503.0,147504.0,147505.0,147505.0,147506.0,147506.0,147506.0,147507.0,147508.0,147508.0,147508.0,147508.0,147508.0,147508.0,147508.0,147508.0,147508.0,147508.0,147508.0,147508.0,147508.0,147508.0,147508.0,147508.0,147508.0,147508.0,147508.0,147508.0,147508.0,147508.0,147508.0,147508.0,147508.0,147508.0,147508.0,147508.0,147508.0,147508.0,147508.0,147508.0
Tana River,0.0,0.0,0.0,0.0,0.0,0.0,0.0,0.0,0.0,0.0,0.0,0.0,0.0,0.0,0.0,0.0,0.0,0.0,0.0,0.0,0.0,0.0,0.0,0.0,0.0,0.0,0.0,0.0,0.0,0.0,0.0,0.0,0.0,0.0,0.0,0.0,0.0,0.0,0.0,0.0,0.0,0.0,0.0,0.0,1.0,1.0,2.0,2.0,3.0,3.0,4.0,5.0,6.0,7.0,8.0,9.0,10.0,11.0,12.0,13.0,14.0,15.0,16.0,17.0,18.0,19.0,20.0,21.0,22.0,23.0,24.0,25.0,26.0,27.0,28.5,29.5,30.5,31.5,33.5,35.5,37.5,39.5,41.5,43.5,45.5,47.5,49.5,51.5,53.5,56.0,58.0,60.0,62.5,65.0,68.0,71.0,74.0,77.0,80.0,83.0,86.0,90.0,93.5,96.5,100.5,104.5,108.5,112.5,117.5,121.5,125.5,130.5,135.5,140.5,145.5,150.5,155.5,161.5,167.5,173.5,180.5,187.5,194.5,201.5,208.5,215.5,223.5,231.5,239.5,247.5,255.5,264.5,273.5,283.5,293.0,303.0,313.5,324.5,335.5,345.5,356.5,369.5,382.5,395.5,408.5,421.5,434.5,448.5,462.5,478.5,493.5,509.5,525.5,543.5,561.5,581.0,600.0,619.0,639.0,659.0,679.0,700.0,722.0,745.0,768.0,791.5,816.0,842.0,868.0,896.5,925.0,954.5,984.0,1014.0,1044.5,1079.5,1116.0,1153.0,1191.5,1230.5,1272.5,1315.5,1361.5,1408.5,1455.0,1504.0,1556.0,1609.5,1665.0,1722.0,1781.0,1844.0,1908.5,1974.5,2046.5,2117.0,2191.5,2267.5,2344.5,2427.0,2515.0,2608.0,2700.0,2794.0,2894.0,2998.5,3104.0,3218.0,3335.0,3461.0,3592.0,3725.0,3860.0,4000.0,4144.5,4298.5,4450.0,4607.5,4776.5,4947.5,5129.5,5317.5,5513.0,5709.5,5908.5,6115.0,6326.0,6552.0,6770.5,6992.5,7224.5,7466.5,7712.0,7969.0,8219.5,8482.5,8745.5,9018.5,9294.0,9572.0,9861.0,10164.5,10473.0,10782.0,11106.0,11438.5,11775.0,12114.5,12465.0,12823.0,13190.5,13550.5,13934.0,14317.5,14712.5,15115.5,15515.5,15945.0,16368.0,16794.0,17236.0,17677.0,18124.5,18595.5,19077.5,19565.0,20050.0,20537.0,21047.5,21569.0,22091.5,22611.0,23148.5,23694.0,24238.0,24799.5,25357.5,25928.0,26510.5,27104.0,27717.0,28310.5,28916.0,29542.0,30162.5,30788.5,31436.0,32076.0,32738.0,33383.0,34038.0,34699.0,35369.0,36041.0,36718.0,37395.0,38085.0,38764.0,39453.5,40157.0,40867.0,41573.5,42300.0,43033.5,43781.5,44526.5,45286.0,46048.5,46831.0,47614.5,48404.0,49201.0,49995.0,50787.0,51581.0,52389.0,53193.0,53996.5,54816.0,55645.0,56471.0,57299.0,58129.0,58960.0,59790.5,60624.0,61450.5,62292.5,63131.5,63973.0,64809.0,65639.0,66469.5,67304.5,68134.0,68967.5,69802.5,70626.0,71456.5,72285.5,73113.5,73936.0,74754.0,75577.5,76395.0,77200.5,78004.0,78801.0,79609.5,80409.0,81204.5,81996.5,82784.0,83567.0,84358.0,85127.5,85911.0,86665.0,87417.5,88169.5,88922.5,89658.5,90384.0,91104.5,91815.5,92530.5,93237.0,93912.5,94580.5,95237.5,95904.0,96552.0,97183.0,97810.0,98429.5,99027.5,99623.5,100210.5,100783.5,101352.5,101909.5,102437.5,102972.5,103501.5,104016.0,104522.0,105015.5,105490.0,105960.5,106411.5,106864.5,107312.0,107752.5,108174.0,108586.5,108980.0,109360.0,109735.0,110100.0,110462.0,110801.5,111141.0,111469.5,111793.0,112103.0,112403.0,112705.5,112991.0,113267.0,113537.5,113804.0,114058.0,114307.5,114548.0,114781.0,115012.0,115232.5,115448.0,115659.0,115867.0,116070.0,116270.5,116468.5,116663.5,116853.5,117039.0,117222.0,117395.0,117566.0,117731.0,117894.0,118055.0,118212.0,118362.0,118508.0,118662.5,118804.0,118942.5,119080.0,119215.0,119342.5,119466.5,119588.5,119707.5,119822.5,119937.5,120049.0,120158.5,120267.5,120371.5,120472.0,120570.5,120670.0,120763.0,120853.5,120942.5,121029.0,121114.5,121198.5,121280.0,121357.0,121432.5,121508.5,121582.5,121654.5,121724.0,121791.0,121858.5,121923.0,121985.0,122048.0,122110.0,122170.0,122225.0,122283.5,122337.5,122388.5,122440.5,122491.5,122540.5,122589.5,122635.5,122681.5,122726.5,122770.0,122812.0,122853.0,122892.5,122933.5,122972.5,123010.5,123047.5,123083.5,123118.5,123151.5,123185.0,123217.5,123250.0,123281.0,123313.0,123343.0,123372.5,123400.5,123428.5,123455.5,123481.5,123506.5,123531.5,123553.5,123576.5,123599.5,123621.5,123643.5,123664.5,123685.5,123704.5,123723.5,123743.5,123762.0,123779.0,123797.0,123813.0,123828.0,123843.0,123858.0,123873.0,123887.0,123900.0,123914.0,123927.0,123940.0,123953.0,123965.0,123976.0,123987.0,123998.0,124009.0,124020.0,124030.0,124040.0,124050.0,124059.0,124068.0,124076.5,124085.5,124094.0,124102.5,124110.5,124119.5,124127.5,124135.5,124143.5,124150.5,124157.5,124163.5,124170.5,124177.5,124183.5,124190.0,124196.0,124203.0,124209.0,124215.0,124220.0,124226.0,124231.0,124236.0,124241.0,124246.0,124251.0,124256.0,124261.0,124266.0,124270.0,124274.5,124278.5,124282.5,124286.5,124290.5,124294.5,124298.5,124302.5,124305.5,124309.5,124313.5,124316.5,124319.5,124322.5,124325.5,124328.5,124331.5,124334.5,124337.5,124340.5,124343.5,124345.5,124348.5,124350.5,124352.5,124354.5,124356.5,124358.5,124360.5,124362.5,124364.5,124366.5,124368.5,124370.5,124372.0,124373.0,124375.0,124377.0,124379.0,124381.0,124382.0,124383.0,124384.0,124385.0,124386.0,124387.0,124388.0,124389.0,124390.0,124391.0,124392.0,124393.0,124394.0,124395.0,124396.0,124397.0,124398.0,124399.0,124400.0,124401.0,124402.0,124403.0,124404.0,124405.0,124406.0,124407.0,124407.0,124408.0,124409.0,124409.0,124409.0,124409.0,124409.0,124409.0,124409.0,124409.0,124409.0,124409.0,124409.0,124409.0,124409.0,124409.0,124409.0,124409.0
Tharaka-Nithi,0.0,0.0,0.0,0.0,0.0,0.0,0.0,0.0,0.0,0.0,0.0,0.0,0.0,0.0,0.0,0.0,0.0,0.0,0.0,0.0,0.0,0.0,0.0,0.0,0.0,0.0,0.0,0.0,0.0,0.0,0.0,0.0,0.0,0.0,0.0,0.0,0.0,0.0,0.0,0.0,0.0,0.5,0.5,0.5,0.5,0.5,0.5,0.5,0.5,1.5,2.5,2.5,2.5,3.5,4.5,5.5,6.5,7.5,8.5,9.5,10.5,11.5,12.5,13.5,14.5,15.5,16.5,17.5,18.5,19.5,20.5,21.5,22.5,23.5,24.5,25.5,26.5,28.5,29.5,31.5,32.5,34.5,36.5,38.5,40.5,42.5,44.5,46.5,48.5,50.5,52.5,54.5,56.5,59.0,61.0,63.0,65.0,68.0,70.0,73.0,76.0,79.0,82.0,85.0,88.0,91.0,94.0,97.0,100.0,104.0,108.0,112.0,116.0,120.0,124.0,128.0,132.0,137.0,142.0,147.0,152.0,157.0,162.5,167.5,173.5,179.5,185.5,191.5,198.5,205.5,212.5,219.0,226.0,233.0,241.0,249.0,257.0,265.0,273.0,281.0,290.0,299.0,308.0,318.0,328.0,339.0,349.5,360.5,372.5,383.5,395.5,408.5,421.0,435.0,448.0,461.5,475.0,488.0,502.0,517.0,532.0,547.5,563.5,581.5,599.5,617.5,635.5,653.5,673.5,694.5,713.5,734.5,754.5,776.5,799.5,823.0,848.0,873.0,898.0,925.0,953.0,981.0,1009.0,1040.0,1073.0,1106.0,1142.0,1178.0,1215.0,1253.0,1292.0,1333.5,1376.5,1419.5,1463.5,1509.5,1559.5,1608.5,1659.5,1711.5,1769.5,1827.5,1887.0,1947.5,2012.5,2077.5,2145.5,2215.0,2290.0,2364.5,2440.0,2523.0,2605.5,2693.5,2780.0,2873.0,2969.0,3068.0,3168.0,3272.0,3380.0,3492.5,3609.0,3728.5,3854.0,3980.5,4113.5,4246.0,4381.5,4525.5,4665.5,4816.5,4968.5,5120.0,5278.5,5440.0,5605.0,5774.0,5943.0,6126.0,6309.0,6496.0,6684.0,6880.0,7079.0,7280.0,7485.5,7705.5,7920.0,8143.5,8372.0,8605.0,8840.5,9082.5,9329.0,9583.0,9841.5,10102.5,10378.5,10649.0,10925.0,11204.0,11494.0,11789.0,12091.5,12395.5,12708.5,13029.0,13353.5,13682.5,14019.5,14359.5,14705.5,15063.0,15427.0,15793.5,16163.5,16541.5,16933.0,17332.5,17735.5,18134.0,18543.5,18963.5,19389.0,19818.5,20262.5,20707.5,21152.5,21624.5,22101.0,22572.0,23048.0,23530.5,24022.0,24520.5,25020.0,25526.5,26046.5,26581.0,27128.0,27686.5,28250.5,28829.0,29414.0,30013.0,30636.5,31257.5,31894.0,32535.5,33189.5,33861.0,34538.0,35228.0,35921.0,36632.5,37357.5,38089.0,38824.0,39577.5,40320.5,41078.5,41855.5,42639.5,43437.5,44254.0,45061.0,45879.5,46698.0,47536.0,48383.0,49215.0,50061.0,50913.0,51777.5,52642.0,53512.0,54384.0,55265.5,56151.5,57043.0,57932.0,58821.5,59698.5,60584.5,61475.0,62359.5,63254.0,64144.0,65033.0,65923.5,66811.0,67691.5,68572.5,69448.0,70321.0,71207.5,72089.0,72969.0,73840.5,74720.0,75593.5,76461.0,77330.0,78196.0,79050.0,79900.5,80748.0,81594.0,82437.5,83280.0,84115.0,84937.5,85763.0,86579.5,87391.5,88196.5,88992.0,89789.0,90574.5,91367.5,92141.5,92905.5,93668.5,94419.0,95164.0,95911.5,96642.0,97362.5,98079.5,98780.5,99470.5,100147.5,100827.5,101487.5,102133.5,102763.0,103381.5,103989.5,104577.0,105155.0,105719.5,106266.5,106806.5,107332.0,107847.0,108346.0,108826.5,109300.5,109762.0,110219.5,110656.0,111091.0,111515.0,111919.5,112314.5,112699.5,113085.0,113456.5,113827.5,114192.5,114546.0,114897.5,115246.5,115587.5,115919.0,116240.5,116560.5,116875.5,117180.5,117488.5,117781.0,118067.0,118352.0,118622.5,118890.5,119151.5,119407.5,119657.5,119910.0,120151.0,120393.5,120626.5,120856.5,121079.0,121292.0,121503.0,121706.5,121908.0,122110.0,122299.5,122494.0,122679.5,122858.5,123035.5,123207.5,123378.0,123544.0,123705.5,123869.0,124024.0,124174.0,124319.5,124462.5,124605.5,124745.5,124877.5,125010.0,125135.5,125262.0,125385.0,125502.5,125618.0,125732.5,125847.0,125955.5,126063.5,126165.5,126271.0,126369.5,126470.0,126566.0,126657.5,126747.5,126835.0,126921.0,127002.5,127085.5,127166.0,127244.5,127321.5,127395.5,127469.0,127541.5,127612.5,127684.0,127750.0,127813.0,127876.5,127937.0,127995.5,128053.5,128110.5,128166.5,128220.0,128272.0,128323.5,128376.0,128424.0,128472.0,128519.5,128566.5,128610.0,128652.5,128695.5,128737.5,128777.5,128815.0,128852.0,128888.5,128923.5,128959.5,128992.5,129023.5,129054.5,129084.5,129113.5,129143.5,129171.0,129197.0,129222.5,129247.5,129272.5,129297.5,129321.5,129345.5,129368.5,129390.5,129411.5,129431.5,129452.5,129473.5,129493.5,129511.5,129530.5,129549.0,129565.5,129582.5,129599.5,129615.5,129631.5,129647.5,129662.5,129678.5,129693.5,129707.5,129722.5,129736.5,129749.5,129762.5,129775.5,129788.5,129800.5,129812.0,129824.0,129835.0,129845.0,129856.0,129866.0,129876.5,129886.0,129895.0,129905.0,129914.0,129923.0,129932.0,129941.0,129949.0,129957.5,129966.5,129974.5,129982.5,129989.5,129996.5,130003.5,130010.5,130016.5,130022.5,130029.5,130035.5,130041.5,130047.5,130053.5,130059.5,130065.5,130070.5,130075.5,130080.5,130085.5,130090.5,130094.5,130099.5,130103.5,130107.5,130111.5,130115.5,130119.5,130123.5,130127.5,130131.5,130134.5,130137.5,130140.5,130143.5,130146.5,130149.5,130152.5,130155.5,130158.5,130161.5,130164.5,130167.5,130169.5,130171.5,130174.0,130176.0,130178.0,130180.0,130182.0,130184.0,130186.0,130188.0,130190.0,130192.0,130194.0,130196.0,130198.0,130200.0,130201.0,130202.0,130203.0,130204.0,130206.0,130207.0,130208.0,130209.0,130210.0,130211.0,130212.0,130213.0,130214.0,130215.0,130216.0,130217.0,130218.0,130219.0,130220.0,130221.0
Trans Nzoia,0.0,0.0,0.0,0.0,0.0,0.0,0.0,0.0,0.0,0.0,0.0,0.0,0.0,0.0,0.0,0.0,0.0,0.0,0.0,0.0,0.0,0.0,0.0,0.0,0.0,0.0,0.0,0.0,0.0,0.0,0.0,0.0,0.0,0.0,0.0,0.0,0.0,0.0,0.0,0.0,0.0,0.0,0.0,0.0,0.0,0.0,0.0,0.0,0.0,0.0,0.0,0.0,0.0,0.0,0.0,0.0,0.0,0.0,0.0,0.0,0.0,0.0,0.0,0.5,1.5,1.5,2.5,3.5,4.5,5.5,6.5,7.5,8.5,9.5,10.5,11.5,12.5,13.5,14.5,15.5,16.5,17.5,18.5,19.5,20.5,21.5,22.5,23.5,24.5,26.5,28.5,30.5,32.5,34.5,36.5,38.5,40.5,42.5,44.5,46.5,48.5,51.5,54.5,57.5,60.5,63.5,66.5,69.5,72.5,75.5,78.5,81.5,85.5,89.5,93.5,97.5,101.5,105.5,109.5,114.5,118.5,123.5,129.5,134.5,140.5,146.5,151.5,157.5,163.5,169.5,176.5,183.5,190.5,197.5,204.5,211.5,219.5,227.5,235.5,244.5,252.5,261.5,270.5,280.5,290.5,300.5,311.5,322.5,333.5,345.5,358.5,371.5,384.5,399.0,413.0,428.0,442.0,457.0,472.0,488.0,505.0,522.0,540.5,558.5,577.5,599.0,619.0,639.0,661.0,683.0,705.0,730.0,753.5,777.5,803.5,832.0,861.0,892.0,922.0,956.0,989.5,1025.5,1060.0,1098.0,1137.0,1179.0,1223.5,1267.0,1311.5,1360.5,1411.0,1461.0,1514.5,1568.5,1627.5,1687.0,1750.5,1814.5,1881.0,1952.0,2022.5,2098.5,2176.0,2257.0,2341.0,2422.5,2513.5,2606.5,2704.0,2805.0,2912.0,3022.0,3134.5,3249.0,3367.0,3495.5,3625.5,3756.5,3897.5,4042.5,4193.0,4351.5,4512.0,4672.5,4843.0,5020.5,5199.5,5387.0,5583.0,5785.5,5989.5,6199.5,6412.5,6630.5,6860.5,7084.5,7320.5,7558.0,7799.5,8049.5,8306.0,8573.5,8838.0,9119.5,9413.0,9709.5,10012.0,10312.5,10627.5,10952.0,11289.5,11618.0,11976.5,12336.0,12710.5,13085.0,13465.0,13862.0,14260.5,14677.0,15096.5,15543.0,15994.0,16466.5,16928.5,17415.0,17918.0,18436.0,18951.0,19486.5,20010.0,20561.0,21133.0,21706.5,22307.0,22903.0,23527.0,24154.0,24798.0,25451.0,26115.0,26800.5,27500.0,28241.0,28979.5,29719.5,30504.0,31283.5,32108.5,32921.5,33759.5,34613.5,35460.5,36361.5,37278.5,38212.5,39131.0,40112.0,41096.0,42091.0,43142.5,44213.0,45337.0,46499.5,47677.0,48862.5,50112.0,51370.0,52670.0,53977.5,55340.5,56740.0,58179.5,59670.0,61185.0,62722.5,64307.0,65940.5,67585.5,69278.0,71019.5,72784.5,74567.0,76426.5,78316.5,80262.5,82212.5,84188.0,86205.0,88320.0,90467.0,92631.5,94883.0,97124.0,99439.5,101761.0,104122.0,106541.0,108977.0,111458.0,113972.5,116525.5,119097.5,121692.5,124344.0,126989.5,129683.0,132387.0,135127.0,137905.5,140676.5,143476.0,146307.0,149136.5,152001.5,154871.0,157736.5,160649.5,163562.5,166490.5,169424.0,172327.0,175252.5,178164.5,181053.5,183960.0,186868.0,189758.5,192677.5,195564.5,198459.0,201333.5,204213.0,207065.0,209911.5,212742.0,215579.5,218416.5,221226.0,224028.0,226842.0,229617.5,232374.5,235141.0,237873.0,240594.5,243317.0,245998.0,248677.5,251340.5,253978.0,256579.5,259212.0,261778.0,264329.0,266810.5,269237.0,271632.5,273964.0,276274.5,278557.5,280795.5,282985.0,285116.0,287219.5,289275.0,291288.0,293287.5,295247.5,297167.5,299052.5,300898.0,302686.0,304441.0,306171.5,307859.5,309500.0,311130.5,312733.0,314277.5,315829.5,317345.0,318858.0,320345.5,321836.5,323281.0,324726.5,326141.5,327520.0,328852.0,330155.0,331433.0,332718.0,333980.5,335216.0,336402.5,337586.5,338747.5,339874.0,340998.5,342088.5,343174.0,344213.0,345236.0,346241.0,347228.0,348203.0,349157.5,350093.0,350980.5,351851.0,352727.5,353583.0,354412.0,355229.0,356030.0,356814.0,357574.5,358326.5,359060.0,359775.5,360481.0,361180.0,361856.0,362510.5,363152.5,363787.5,364401.0,364993.0,365574.0,366148.5,366717.5,367268.0,367800.0,368319.0,368830.5,369346.0,369840.0,370313.0,370784.5,371241.5,371683.0,372124.0,372550.5,372970.0,373359.5,373761.5,374143.0,374534.5,374901.0,375264.0,375620.0,375960.5,376306.5,376642.0,376967.5,377277.5,377590.0,377890.0,378187.5,378482.0,378766.0,379044.0,379319.0,379583.5,379836.5,380085.0,380324.0,380567.0,380805.0,381035.0,381257.0,381477.0,381694.5,381898.0,382097.5,382292.0,382472.5,382652.0,382823.5,382996.0,383163.0,383322.0,383479.0,383630.0,383781.0,383924.5,384060.5,384194.5,384323.0,384448.5,384571.0,384691.5,384805.5,384917.5,385024.0,385128.0,385235.0,385338.0,385438.0,385538.0,385632.0,385728.5,385820.5,385911.5,386001.5,386090.5,386173.5,386257.0,386336.5,386413.5,386486.0,386562.5,386636.0,386707.0,386780.5,386850.0,386915.5,386978.0,387039.5,387103.0,387161.5,387219.5,387276.0,387331.0,387387.0,387440.5,387493.5,387543.0,387592.5,387644.0,387689.0,387735.0,387779.0,387823.0,387864.0,387906.0,387947.5,387985.0,388026.0,388065.0,388102.0,388138.0,388172.5,388208.5,388242.5,388275.5,388309.5,388339.5,388372.5,388401.5,388429.0,388460.0,388488.0,388514.0,388539.5,388563.5,388585.5,388609.0,388631.0,388653.5,388675.5,388694.5,388715.0,388734.0,388753.0,388772.0,388790.0,388807.5,388824.5,388841.0,388857.0,388873.0,388887.5,388903.5,388917.0,388930.0,388944.0,388956.0,388968.5,388980.5,388992.5,389003.0,389013.0,389024.0,389035.0,389046.0,389056.0,389066.0,389076.0,389085.0,389094.0,389103.0,389111.0,389119.0,389127.0,389134.5,389142.5,389149.5,389155.5,389162.5,389168.5,389175.5,389182.0,389188.0,389193.0,389198.0,389203.0,389208.0,389213.0,389218.0,389223.0,389227.5,389231.5,389234.5,389238.5,389243.5,389247.5
Turkana,0.0,0.0,0.0,0.0,0.0,0.0,0.0,0.0,0.0,0.0,0.0,0.0,0.0,0.0,0.0,0.0,0.0,0.0,0.0,0.0,0.0,0.0,0.0,0.0,0.0,0.0,0.0,0.0,0.0,0.0,0.0,0.0,0.0,0.0,0.0,0.0,0.0,0.0,0.0,0.0,0.0,0.0,0.0,0.0,0.0,0.0,0.0,0.0,0.0,0.0,0.0,0.0,0.0,0.0,0.0,1.0,2.0,3.0,3.0,3.0,4.0,4.0,5.0,6.0,6.0,7.0,8.0,9.0,10.0,11.0,12.0,13.0,14.0,15.0,16.0,17.0,18.0,19.0,20.0,21.0,23.0,24.5,26.5,28.5,30.5,32.5,34.5,36.5,38.5,40.5,42.5,44.5,46.5,48.5,50.5,52.5,55.5,58.5,61.5,64.5,67.5,70.5,73.5,76.5,80.5,84.5,88.5,92.5,96.5,101.0,105.0,109.5,114.5,119.5,124.5,129.5,134.5,140.5,145.5,151.5,157.5,163.5,170.5,177.5,184.5,191.5,198.5,205.5,212.5,219.5,228.5,237.5,246.5,256.5,266.5,277.5,287.5,297.5,307.5,318.5,329.5,341.5,354.5,366.5,379.5,392.5,406.5,420.5,435.5,450.5,464.5,481.5,499.5,517.5,535.5,554.5,573.5,593.5,614.5,633.5,654.5,678.0,699.0,723.0,746.5,773.5,798.0,824.0,850.5,878.5,907.5,935.5,966.5,999.0,1033.0,1068.0,1104.0,1143.0,1183.0,1221.0,1264.0,1308.5,1354.0,1401.5,1450.0,1502.0,1557.0,1612.0,1667.5,1727.5,1789.0,1854.0,1920.5,1985.5,2056.0,2129.0,2208.0,2291.0,2372.0,2463.0,2555.0,2649.0,2750.5,2852.5,2951.5,3059.0,3174.0,3290.5,3412.0,3538.5,3666.0,3800.0,3938.5,4082.5,4237.5,4395.5,4562.0,4733.0,4908.5,5090.5,5277.0,5471.0,5671.0,5885.0,6102.5,6327.5,6561.5,6790.5,7029.5,7272.5,7526.0,7784.5,8042.0,8319.5,8594.0,8872.0,9166.0,9463.0,9770.5,10082.5,10396.0,10727.0,11076.0,11422.5,11773.0,12137.5,12501.0,12879.0,13266.5,13668.5,14082.0,14503.5,14930.5,15375.5,15825.0,16285.5,16750.5,17256.0,17766.0,18268.0,18782.5,19312.0,19866.0,20423.0,20995.5,21577.0,22173.5,22786.0,23429.5,24056.5,24705.0,25369.0,26047.5,26732.5,27443.0,28182.5,28918.5,29689.0,30464.0,31239.0,32048.5,32884.5,33729.5,34606.5,35492.0,36405.0,37317.0,38257.0,39203.5,40185.0,41182.5,42170.0,43207.0,44254.5,45334.0,46416.0,47525.5,48664.0,49804.5,51007.5,52229.0,53498.0,54790.5,56148.0,57547.5,58975.5,60445.0,61951.0,63476.0,65017.0,66623.0,68286.0,69951.0,71701.5,73471.0,75239.0,77056.0,78922.5,80829.5,82781.0,84765.5,86793.0,88849.0,90967.5,93107.5,95286.0,97454.0,99683.5,101947.5,104251.0,106593.5,108950.0,111385.5,113845.0,116323.5,118848.5,121404.0,123997.0,126606.0,129250.5,131927.5,134605.0,137330.0,140059.5,142826.5,145600.5,148378.0,151182.5,154002.0,156838.0,159669.0,162537.0,165377.5,168229.0,171073.5,173926.0,176773.0,179644.0,182485.5,185355.5,188224.0,191089.5,193941.5,196788.5,199646.5,202483.5,205314.5,208144.0,210950.5,213737.5,216511.5,219303.0,222063.0,224843.0,227612.0,230387.0,233143.5,235878.5,238573.5,241264.0,243932.0,246590.5,249211.5,251833.0,254439.5,257029.5,259591.5,262131.5,264628.5,267135.0,269600.5,272065.5,274510.0,276926.0,279291.0,281607.5,283881.5,286081.5,288229.0,290342.5,292413.0,294458.0,296442.5,298388.5,300255.5,302109.5,303902.5,305667.5,307354.5,309043.5,310637.0,312216.0,313783.5,315315.0,316784.0,318223.5,319606.5,320978.0,322337.0,323651.0,324950.0,326226.0,327473.0,328689.5,329891.0,331083.0,332246.5,333392.0,334494.5,335585.0,336652.0,337669.5,338674.5,339651.0,340606.0,341562.0,342496.5,343390.5,344258.0,345103.5,345945.0,346747.5,347522.5,348304.0,349076.5,349824.0,350537.0,351239.5,351925.5,352592.5,353251.5,353880.0,354510.5,355129.0,355725.0,356302.5,356863.0,357404.0,357942.5,358464.0,358969.0,359471.5,359946.0,360410.0,360870.0,361320.5,361759.5,362192.5,362616.0,363021.0,363425.0,363810.5,364197.0,364567.5,364929.0,365286.5,365625.0,365955.0,366290.5,366610.0,366915.0,367211.0,367509.0,367789.0,368072.0,368338.0,368597.5,368857.0,369105.0,369357.5,369602.5,369843.0,370079.0,370308.5,370527.0,370738.0,370942.5,371149.0,371339.5,371537.0,371719.0,371897.5,372073.5,372241.5,372409.0,372575.5,372734.5,372888.0,373038.0,373187.0,373337.0,373480.5,373617.5,373749.5,373875.5,373995.0,374106.5,374220.5,374333.5,374439.5,374541.5,374637.0,374735.0,374831.5,374926.0,375012.5,375096.0,375180.5,375263.5,375337.0,375414.0,375488.0,375557.5,375625.5,375689.0,375751.0,375814.5,375872.5,375930.5,375992.0,376048.0,376103.0,376154.5,376207.5,376259.5,376309.5,376357.5,376406.0,376452.0,376499.0,376544.5,376590.0,376631.0,376670.0,376709.5,376749.5,376788.5,376825.5,376863.5,376900.0,376934.0,376967.0,376999.5,377033.5,377066.0,377098.0,377129.0,377158.5,377187.5,377214.5,377243.5,377267.5,377293.5,377318.5,377342.5,377364.5,377388.0,377411.0,377433.0,377454.0,377475.0,377494.5,377513.5,377532.5,377552.5,377569.5,377589.5,377605.5,377622.0,377639.5,377655.5,377670.5,377685.5,377699.5,377713.5,377727.0,377739.5,377750.5,377762.0,377774.0,377786.0,377797.0,377807.5,377817.5,377827.5,377836.5,377845.5,377855.5,377865.5,377873.5,377881.5,377889.5,377897.5,377904.5,377911.5,377919.0,377925.0,377932.0,377939.0,377945.0,377951.0,377957.0,377962.5,377968.5,377974.5,377979.5,377985.0,377990.0,377995.0,378000.0,378004.5,378008.5,378012.5,378016.5,378020.5,378024.5,378028.5,378032.5,378035.5,378039.5,378042.5,378045.5,378048.5,378051.5,378054.5,378057.5,378059.5,378062.5,378064.5,378066.5,378068.5,378070.5,378072.5,378074.5,378076.5,378078.5,378080.5,378082.5
Uasin Gishu,0.0,0.0,0.0,0.0,0.0,0.0,0.0,0.0,0.0,0.0,0.0,0.0,0.0,0.0,0.0,0.0,0.0,0.0,0.0,0.0,0.0,0.0,0.0,0.0,0.0,0.0,0.0,0.0,0.0,0.0,0.0,0.0,0.0,0.0,0.0,0.0,0.0,0.0,0.0,0.0,0.0,0.0,0.0,0.0,0.0,0.0,0.0,0.0,0.0,0.0,0.0,0.0,1.0,1.5,1.5,1.5,1.5,2.5,3.5,4.5,5.5,6.5,7.5,8.5,9.5,10.5,11.5,12.5,13.5,14.5,15.5,16.5,17.5,18.5,19.5,20.5,21.5,23.5,24.5,25.5,26.5,27.5,29.5,31.0,33.0,35.0,37.0,39.0,41.0,43.0,45.0,47.0,49.0,51.0,53.0,55.0,57.0,60.0,63.0,66.0,69.0,72.0,75.0,78.0,81.0,84.0,87.0,90.0,93.0,97.0,101.0,105.0,109.0,113.0,117.0,121.5,125.5,130.0,135.0,140.0,145.0,151.0,157.0,163.0,169.0,175.0,181.5,188.0,194.0,201.0,208.0,216.0,223.0,231.0,240.0,248.5,257.5,266.5,275.5,284.5,293.5,302.5,312.5,323.0,334.0,345.0,356.0,368.0,380.0,392.0,405.0,419.0,433.0,447.0,461.0,476.0,491.0,506.0,522.0,538.0,556.0,575.0,593.0,611.0,630.0,650.0,670.0,691.0,713.0,736.0,759.0,783.0,806.0,832.0,858.0,884.0,913.0,942.0,971.0,1003.0,1035.0,1069.0,1104.0,1141.0,1178.5,1217.0,1257.0,1298.0,1341.0,1384.5,1429.5,1478.0,1528.0,1580.0,1635.5,1692.5,1750.5,1809.5,1871.5,1933.0,1999.5,2068.0,2139.5,2213.0,2288.5,2369.5,2451.0,2536.0,2625.0,2716.5,2813.0,2911.0,3010.0,3113.0,3220.5,3333.0,3451.5,3571.0,3695.5,3825.0,3961.0,4097.5,4243.0,4390.5,4541.5,4699.5,4861.0,5034.0,5204.0,5381.0,5558.0,5741.5,5927.5,6120.5,6319.0,6523.0,6733.0,6948.5,7164.5,7397.5,7623.5,7865.5,8102.5,8356.5,8605.5,8860.0,9125.0,9398.5,9673.5,9957.5,10247.5,10547.5,10851.5,11175.5,11499.5,11832.5,12179.5,12530.0,12892.5,13255.0,13623.0,14012.0,14402.5,14800.0,15208.5,15626.5,16057.5,16491.0,16940.0,17406.0,17874.0,18352.5,18842.0,19341.0,19846.5,20369.5,20897.0,21448.5,22014.0,22578.5,23160.5,23760.5,24364.5,24990.5,25628.0,26274.0,26938.5,27613.0,28306.0,29013.5,29737.0,30489.0,31216.0,31958.0,32737.0,33523.5,34331.0,35140.5,35987.5,36849.5,37747.0,38649.0,39580.5,40552.0,41527.5,42535.0,43559.5,44653.5,45775.5,46911.0,48045.0,49229.0,50467.5,51708.5,52982.5,54275.5,55596.0,56965.0,58333.0,59749.0,61207.5,62678.5,64238.5,65770.5,67330.0,68944.0,70602.0,72324.0,74046.5,75801.5,77616.5,79420.5,81303.5,83195.0,85135.0,87081.0,89093.5,91117.5,93178.5,95287.5,97426.0,99598.0,101814.0,104076.0,106390.5,108695.0,111036.5,113426.0,115830.5,118286.5,120770.5,123281.0,125800.0,128359.0,130924.0,133513.0,136150.5,138825.5,141496.0,144191.0,146906.0,149670.0,152438.5,155213.5,157999.5,160828.0,163631.5,166457.5,169314.0,172162.0,174998.0,177878.5,180729.0,183627.0,186495.0,189358.5,192222.5,195063.0,197915.5,200763.5,203594.0,206401.5,209219.5,212036.0,214826.5,217626.0,220424.5,223186.5,225961.0,228718.0,231443.5,234181.0,236901.0,239598.0,242260.5,244880.5,247454.0,249991.5,252502.5,254969.0,257401.0,259803.5,262163.0,264466.5,266754.5,269014.5,271240.5,273455.5,275642.0,277768.0,279886.5,281971.5,284056.5,286086.5,288092.5,290073.5,292006.0,293929.0,295814.0,297719.0,299605.5,301491.0,303340.0,305177.5,307005.0,308778.0,310539.0,312286.0,314018.0,315729.5,317385.0,319042.5,320669.5,322286.0,323881.0,325446.0,326962.5,328464.0,329946.0,331394.5,332811.0,334210.5,335581.0,336932.5,338259.0,339572.0,340869.5,342137.5,343384.0,344609.5,345824.0,346996.5,348172.5,349323.5,350449.5,351531.5,352610.0,353679.0,354727.5,355741.0,356737.0,357707.5,358682.5,359634.0,360559.5,361449.0,362334.0,363207.5,364067.5,364907.0,365725.5,366521.5,367311.5,368086.0,368832.0,369558.5,370278.0,370997.5,371687.5,372360.5,373009.5,373665.5,374308.5,374931.0,375538.5,376121.0,376703.5,377275.5,377843.5,378397.5,378931.5,379449.5,379958.0,380459.5,380963.5,381441.5,381915.0,382364.5,382809.5,383254.5,383696.5,384125.0,384540.5,384949.5,385343.5,385723.0,386101.0,386475.5,386840.5,387194.0,387544.0,387887.0,388217.5,388534.5,388849.0,389145.0,389431.0,389707.5,389981.0,390244.5,390503.0,390750.5,390992.5,391235.5,391456.5,391682.0,391906.0,392119.0,392328.5,392529.5,392728.5,392915.0,393094.5,393269.5,393439.5,393609.5,393772.5,393935.0,394090.5,394246.0,394399.5,394545.0,394691.5,394834.5,394969.5,395108.0,395243.5,395374.0,395501.0,395627.5,395750.0,395865.0,395977.0,396089.0,396201.5,396310.0,396414.0,396516.5,396615.0,396714.0,396811.0,396910.5,397004.0,397092.0,397174.0,397261.0,397349.0,397431.5,397511.5,397590.5,397667.5,397742.0,397814.0,397885.0,397955.0,398022.5,398089.5,398153.5,398219.5,398281.0,398343.5,398404.5,398464.5,398523.5,398580.5,398635.5,398690.5,398741.5,398793.0,398845.0,398893.0,398940.0,398983.0,399027.0,399070.0,399112.5,399151.5,399190.5,399229.5,399266.5,399300.5,399334.5,399368.5,399401.0,399435.0,399466.0,399496.0,399526.0,399553.5,399581.0,399607.5,399634.5,399659.0,399683.0,399707.0,399730.0,399753.0,399775.0,399796.0,399817.0,399837.0,399855.5,399873.5,399892.5,399911.0,399929.0,399947.0,399963.0,399978.0,399994.0,400010.0,400024.5,400038.5,400052.5,400064.5,400077.5,400090.5,400103.5,400115.5,400127.5,400138.5,400149.5,400159.5,400170.5,400180.5,400190.5,400199.0,400208.0,400218.0,400227.0,400235.0,400243.0,400251.0,400259.0,400267.0,400275.0,400282.0,400288.0
Vihiga,0.0,0.0,0.0,0.0,0.0,0.0,0.0,0.0,0.0,0.0,0.0,0.0,0.0,0.0,0.0,0.0,0.0,0.0,0.0,0.0,0.0,0.0,0.0,0.0,0.0,0.0,0.0,0.0,0.0,0.0,0.0,0.0,0.0,0.0,0.0,0.0,0.0,0.0,0.0,0.0,0.0,0.0,0.0,0.0,0.0,0.0,0.0,0.0,0.0,0.0,0.0,0.0,0.0,0.0,0.0,0.0,0.0,0.0,0.0,0.0,0.0,0.0,0.0,0.0,0.0,0.0,0.0,0.0,0.0,0.0,0.0,0.0,0.0,0.0,0.0,0.0,0.0,0.0,0.0,0.0,0.0,0.0,0.0,0.0,0.0,0.0,0.0,0.0,0.0,0.0,0.0,0.0,0.0,0.0,1.0,1.0,1.0,1.5,2.5,3.5,4.5,5.5,6.5,7.5,8.5,9.5,10.5,11.5,12.5,13.5,14.5,15.5,16.5,17.5,18.5,19.5,20.5,21.5,22.5,23.5,24.5,25.5,26.5,27.5,28.5,30.5,31.5,33.5,35.0,37.0,39.0,41.0,43.0,45.0,47.0,49.0,51.0,53.0,55.0,57.0,60.0,62.5,65.5,68.5,71.5,74.5,77.5,80.5,83.5,86.5,89.5,92.5,96.5,100.5,104.5,108.5,112.5,116.5,120.5,124.5,129.5,133.5,137.5,142.5,147.5,152.5,157.5,162.5,167.5,173.0,179.0,185.0,191.0,197.0,204.0,210.5,217.5,224.5,232.5,240.5,248.5,256.5,265.5,274.5,284.0,294.0,304.0,315.0,326.0,337.0,348.0,360.0,372.5,385.5,398.5,412.0,426.0,440.0,455.0,470.0,486.0,502.0,519.5,537.5,556.5,576.5,597.5,618.5,639.5,661.5,685.5,709.5,732.5,758.5,787.0,814.0,842.0,872.0,903.0,933.5,964.5,997.5,1032.5,1069.0,1107.0,1146.0,1187.5,1227.0,1269.0,1313.0,1355.5,1400.5,1445.5,1492.5,1540.0,1589.0,1640.0,1691.0,1745.0,1800.0,1857.5,1915.0,1973.0,2033.5,2095.5,2160.0,2226.0,2295.0,2363.0,2431.0,2505.0,2580.5,2657.5,2734.5,2814.0,2895.0,2979.5,3067.0,3157.0,3246.0,3341.5,3436.5,3530.0,3629.0,3732.5,3841.5,3950.0,4057.5,4166.5,4281.5,4397.0,4521.0,4643.0,4770.0,4898.0,5028.0,5159.5,5298.0,5440.5,5581.0,5732.0,5884.0,6041.0,6196.5,6358.0,6522.5,6695.0,6866.0,7037.0,7220.0,7402.5,7594.5,7785.5,7978.5,8180.0,8379.5,8583.5,8792.0,9002.0,9225.0,9460.5,9691.5,9935.5,10187.5,10444.5,10705.5,10982.0,11262.5,11562.0,11854.5,12166.0,12475.0,12784.0,13104.0,13436.0,13772.5,14114.5,14477.0,14844.0,15215.5,15585.0,15988.5,16378.0,16784.5,17190.0,17616.0,18062.5,18503.5,18964.0,19432.0,19917.5,20402.0,20902.5,21401.5,21924.0,22457.0,23008.5,23573.0,24124.0,24699.0,25279.5,25866.0,26474.0,27087.5,27732.5,28364.5,29029.5,29688.0,30370.0,31066.0,31771.5,32498.0,33223.0,33962.0,34721.5,35471.5,36226.0,37006.5,37801.0,38617.0,39434.5,40274.0,41111.0,41956.0,42813.0,43676.5,44585.5,45473.5,46367.0,47280.0,48195.5,49117.5,50075.0,51032.0,52005.0,52979.5,53963.5,54968.5,55963.5,56972.0,57985.0,59008.0,60027.0,61059.0,62091.5,63143.0,64195.5,65247.5,66286.5,67358.5,68416.5,69492.0,70572.0,71654.5,72709.5,73762.0,74807.5,75833.5,76848.0,77858.0,78850.0,79837.0,80815.0,81781.0,82740.5,83687.5,84629.5,85562.5,86495.0,87414.5,88325.0,89228.0,90121.0,90998.5,91866.5,92719.5,93561.5,94401.0,95243.0,96082.0,96928.0,97769.0,98605.0,99444.0,100285.5,101114.5,101944.0,102767.0,103585.5,104404.5,105217.0,106021.5,106823.5,107618.0,108407.5,109195.5,109984.0,110763.5,111534.0,112297.0,113054.5,113811.0,114567.0,115315.0,116055.0,116781.0,117508.0,118224.5,118936.5,119644.5,120351.5,121050.5,121740.5,122417.5,123082.0,123743.5,124408.0,125063.5,125704.0,126338.0,126967.0,127586.5,128198.0,128796.0,129383.0,129963.5,130533.5,131101.0,131664.5,132213.0,132759.0,133292.0,133821.5,134339.0,134848.5,135354.0,135843.0,136324.0,136800.0,137272.0,137738.0,138187.0,138648.0,139093.0,139524.5,139945.5,140361.0,140771.5,141175.0,141576.0,141972.0,142352.0,142730.0,143096.0,143450.5,143805.5,144159.5,144506.0,144840.0,145167.5,145495.0,145816.5,146126.0,146433.5,146732.5,147027.5,147315.0,147597.0,147880.0,148153.5,148425.0,148687.5,148935.0,149184.5,149418.0,149651.0,149881.0,150100.0,150311.0,150519.5,150723.0,150923.0,151117.0,151301.0,151486.0,151664.5,151836.0,152001.0,152167.0,152329.0,152485.0,152638.5,152782.5,152927.0,153068.0,153205.0,153340.5,153471.5,153604.5,153737.0,153864.0,153987.0,154109.0,154224.5,154340.5,154456.0,154565.5,154676.0,154779.0,154882.5,154984.5,155083.0,155180.0,155278.0,155370.5,155460.5,155549.0,155636.0,155724.5,155804.5,155888.0,155970.0,156046.5,156123.5,156201.0,156272.5,156342.0,156414.0,156484.5,156551.5,156619.5,156684.0,156747.5,156807.0,156867.5,156928.0,156986.0,157044.0,157100.5,157154.5,157210.0,157262.0,157314.0,157360.5,157407.5,157455.5,157501.0,157546.5,157591.0,157635.0,157678.0,157717.0,157756.0,157794.5,157832.5,157868.5,157903.5,157935.0,157967.0,158000.0,158032.0,158061.5,158090.5,158117.5,158145.5,158173.0,158199.0,158223.0,158248.0,158273.5,158296.5,158317.5,158339.5,158360.5,158382.0,158402.0,158422.0,158440.5,158458.5,158475.5,158492.5,158509.5,158525.5,158540.5,158556.5,158571.5,158586.5,158601.5,158614.5,158626.5,158638.5,158651.5,158664.5,158676.5,158687.5,158699.5,158710.5,158721.5,158731.5,158741.5,158750.5,158759.5,158768.5,158777.5,158786.5,158795.0,158802.0,158810.0,158818.0,158825.0,158832.0,158840.0,158847.0,158854.0,158860.0,158867.0,158873.0,158879.0
Wajir,0.0,0.0,0.0,0.0,0.0,0.0,0.0,0.5,1.5,2.5,3.5,4.5,5.5,6.5,7.5,8.5,10.5,11.5,13.5,15.5,17.5,19.5,21.5,23.5,25.5,27.5,29.5,31.5,33.5,35.5,38.5,41.5,44.5,47.5,50.5,53.5,57.5,61.5,65.5,69.5,73.5,78.0,83.0,87.0,92.0,97.0,102.0,107.5,112.5,118.5,124.5,130.5,136.5,142.5,148.5,155.5,162.5,170.5,178.5,186.5,195.5,203.5,212.5,221.5,231.5,241.5,251.5,262.5,273.5,284.5,295.5,307.5,319.5,332.5,344.5,357.5,371.5,385.5,399.5,415.5,430.5,446.5,462.5,479.5,496.5,514.5,532.0,551.0,571.0,592.0,613.0,634.0,655.0,677.0,700.0,724.0,750.0,774.0,799.0,826.0,853.0,880.0,908.0,938.0,968.0,999.0,1031.0,1064.0,1097.0,1132.0,1167.5,1203.5,1240.5,1279.5,1318.5,1358.5,1400.5,1444.5,1489.0,1533.0,1579.0,1627.5,1676.0,1726.5,1777.0,1830.5,1885.5,1940.5,1996.0,2051.0,2111.5,2173.5,2238.5,2302.0,2367.0,2435.0,2503.5,2574.0,2648.5,2722.5,2798.5,2878.5,2959.5,3042.5,3125.5,3212.5,3302.0,3392.5,3487.0,3581.5,3680.5,3780.0,3882.0,3987.5,4095.5,4204.0,4315.5,4427.0,4546.0,4667.5,4792.5,4917.0,5043.0,5176.5,5311.5,5453.5,5597.5,5742.5,5892.0,6044.5,6201.0,6363.0,6527.0,6693.0,6867.0,7049.5,7240.5,7431.5,7634.5,7838.0,8059.0,8285.0,8511.0,8749.5,8990.0,9246.0,9502.5,9771.5,10050.0,10335.0,10628.5,10936.5,11244.0,11567.0,11899.5,12240.5,12588.0,12951.5,13324.0,13710.0,14112.0,14515.0,14926.5,15353.5,15797.5,16263.0,16731.0,17214.0,17709.0,18224.5,18747.0,19293.5,19855.5,20428.0,21016.5,21632.5,22266.0,22907.0,23557.5,24216.0,24896.5,25622.0,26353.0,27079.5,27840.0,28629.5,29418.5,30207.5,30997.5,31812.0,32623.0,33441.0,34291.0,35150.5,36029.0,36910.0,37802.0,38724.0,39659.0,40591.5,41539.5,42511.5,43487.5,44472.0,45476.0,46495.5,47523.0,48577.5,49654.0,50720.0,51805.5,52892.0,54009.5,55121.0,56252.5,57401.0,58550.0,59736.0,60919.5,62118.5,63315.5,64531.0,65769.5,67021.5,68273.5,69541.0,70825.5,72108.5,73410.5,74724.5,76049.5,77382.5,78712.5,80060.0,81411.0,82769.5,84145.5,85540.0,86941.5,88362.5,89786.5,91212.5,92639.0,94085.0,95534.0,96986.0,98442.0,99889.0,101352.5,102819.0,104323.0,105802.0,107279.5,108764.5,110249.0,111766.5,113271.5,114765.5,116280.5,117800.0,119329.5,120878.5,122440.5,124037.0,125647.0,127256.0,128881.0,130477.0,132094.5,133714.5,135353.0,136986.5,138626.0,140264.5,141898.0,143543.5,145203.0,146853.5,148508.5,150174.0,151836.0,153478.5,155134.0,156792.0,158456.5,160101.5,161764.0,163419.5,165062.0,166702.0,168345.5,169985.5,171633.0,173275.0,174905.5,176534.0,178148.5,179767.0,181372.5,182986.0,184590.5,186208.5,187811.0,189404.0,190982.5,192554.5,194140.5,195696.5,197259.5,198819.0,200363.5,201904.5,203449.0,204966.5,206477.0,207973.5,209453.0,210929.0,212397.5,213847.0,215289.5,216714.5,218120.0,219533.5,220927.0,222294.5,223661.0,225006.0,226339.0,227651.5,228947.0,230218.5,231473.5,232722.5,233970.5,235180.0,236383.5,237570.0,238742.0,239900.5,241030.0,242147.0,243262.5,244355.0,245414.0,246470.0,247487.5,248504.5,249533.0,250526.0,251502.0,252450.5,253377.5,254297.5,255206.0,256089.0,256938.0,257790.0,258598.0,259386.5,260165.0,260925.0,261662.0,262378.5,263071.5,263753.0,264424.5,265073.5,265717.5,266331.5,266935.0,267527.5,268099.5,268666.0,269218.0,269761.0,270285.5,270806.0,271318.0,271811.0,272293.0,272778.0,273251.5,273717.5,274179.5,274618.5,275066.0,275507.0,275923.5,276342.0,276753.5,277156.5,277545.0,277931.0,278311.0,278682.5,279038.5,279394.5,279751.0,280099.0,280444.5,280785.5,281106.0,281418.5,281727.0,282029.5,282328.0,282612.5,282890.5,283171.0,283447.0,283718.0,283981.0,284238.0,284482.5,284732.0,284975.0,285206.5,285433.0,285653.0,285877.0,286089.5,286297.5,286501.0,286699.0,286896.5,287094.5,287282.0,287465.0,287647.0,287830.0,288004.0,288175.5,288344.0,288509.0,288668.5,288825.5,288977.5,289124.5,289266.0,289410.5,289546.0,289682.0,289811.0,289943.0,290070.0,290193.5,290317.0,290438.5,290555.5,290670.5,290784.5,290890.5,290994.0,291097.0,291198.0,291298.5,291394.0,291489.0,291583.0,291675.0,291761.5,291848.5,291937.0,292022.5,292103.5,292184.5,292264.5,292343.0,292419.0,292494.0,292568.0,292636.5,292701.5,292768.5,292830.5,292892.0,292950.0,293011.0,293065.5,293118.0,293170.0,293223.0,293273.0,293320.5,293368.5,293413.5,293456.5,293499.5,293542.0,293584.5,293627.5,293665.0,293703.0,293740.0,293774.5,293809.5,293844.0,293878.0,293910.5,293943.5,293974.5,294005.5,294034.5,294064.5,294092.5,294121.5,294147.5,294175.5,294203.5,294229.5,294255.0,294279.0,294303.0,294326.5,294351.5,294376.0,294398.0,294419.0,294441.5,294462.5,294484.5,294503.0,294522.5,294542.5,294560.5,294579.5,294598.0,294616.0,294633.0,294648.0,294664.0,294680.0,294695.0,294711.0,294727.0,294742.0,294757.0,294770.0,294784.0,294797.0,294810.0,294822.0,294834.0,294846.0,294858.0,294869.0,294880.0,294890.0,294901.0,294911.0,294921.0,294931.0,294940.0,294949.0,294957.0,294965.0,294973.0,294981.0,294989.0,294996.0,295003.0,295010.0,295017.0,295024.0,295031.0,295037.0,295044.0,295050.0,295055.5,295061.5,295066.5,295071.5,295076.5,295081.5,295086.5,295090.5,295095.5,295100.5,295105.0,295109.0,295113.0,295117.0,295121.0,295124.0,295128.0,295132.0,295136.0,295139.0,295142.0,295145.0,295148.0,295151.0,295154.0,295157.0,295160.0,295163.0,295166.0,295168.0,295170.0,295172.0,295174.0,295176.0,295178.0,295180.0,295182.0,295184.0,295186.0,295188.0,295190.0,295192.0,295194.0,295196.0,295197.0,295199.0,295201.0,295203.0,295204.0
West Pokot,0.0,0.0,0.0,0.0,0.0,0.0,0.0,0.0,0.0,0.0,0.0,0.0,0.0,0.0,0.0,0.0,0.0,0.0,0.0,0.0,0.0,0.0,0.0,0.0,0.0,0.0,0.0,0.0,0.0,0.0,0.0,0.0,0.0,0.0,0.0,0.0,0.0,0.0,0.0,0.0,0.0,0.0,0.0,0.0,0.0,0.0,0.0,0.0,0.0,0.0,0.0,0.0,0.0,0.0,0.0,0.0,0.0,0.0,0.0,0.0,0.0,0.0,0.0,0.5,0.5,1.5,2.5,3.5,4.5,5.5,5.5,6.5,7.5,8.5,9.5,10.5,11.5,12.5,13.5,14.5,15.5,16.5,17.5,18.5,20.5,21.5,23.0,25.0,27.0,29.0,31.0,33.0,35.0,37.0,39.0,41.5,43.5,46.5,49.5,51.5,54.5,57.5,60.5,63.5,66.5,70.0,73.5,76.5,79.5,83.5,87.5,91.5,95.5,100.5,105.5,110.5,115.5,120.5,126.5,132.0,137.0,143.0,149.0,156.0,163.0,171.0,179.0,187.0,195.0,204.0,211.0,220.0,229.0,239.0,248.0,257.0,268.0,280.0,292.0,303.0,316.0,328.0,340.0,354.0,368.0,382.0,398.0,413.0,429.0,447.5,465.0,483.0,502.0,521.0,540.5,561.5,583.5,605.5,628.5,652.5,677.0,701.5,729.0,757.0,786.0,816.0,846.5,878.5,910.5,943.5,977.0,1014.0,1051.5,1092.0,1134.0,1178.0,1223.0,1270.5,1319.5,1370.0,1424.5,1481.5,1542.5,1603.0,1668.0,1733.0,1801.0,1871.0,1946.5,2027.5,2112.5,2200.0,2291.5,2386.5,2488.5,2592.5,2701.0,2811.5,2930.5,3054.0,3181.0,3319.5,3465.5,3616.5,3769.0,3927.5,4097.0,4267.5,4450.0,4637.0,4831.5,5040.5,5255.5,5471.0,5695.0,5937.0,6189.0,6452.5,6726.0,7004.5,7296.5,7606.0,7921.0,8258.0,8612.5,8977.0,9344.0,9729.5,10125.5,10527.5,10943.0,11355.0,11809.0,12264.0,12733.0,13214.5,13714.0,14222.0,14755.5,15305.0,15873.0,16426.5,17025.0,17643.5,18265.5,18896.0,19543.5,20219.5,20916.0,21630.5,22359.5,23103.5,23866.0,24643.5,25441.0,26258.0,27105.0,27981.0,28869.0,29764.0,30694.5,31625.5,32613.0,33591.5,34627.5,35648.5,36691.0,37775.0,38874.5,40008.5,41184.5,42348.5,43547.5,44749.5,45996.0,47241.0,48521.0,49837.0,51163.0,52498.5,53880.5,55267.5,56681.5,58098.0,59541.0,60989.0,62474.0,63961.0,65472.5,67009.0,68570.5,70113.0,71686.0,73276.0,74898.5,76512.5,78140.0,79783.0,81419.0,83110.5,84800.0,86549.5,88297.0,90089.0,91883.5,93692.0,95535.5,97392.5,99256.5,101124.5,103036.5,104974.5,106905.5,108856.0,110826.0,112792.5,114784.5,116776.0,118788.5,120815.5,122832.0,124860.5,126890.0,128930.0,130987.0,133021.5,135083.5,137162.0,139240.5,141324.5,143433.0,145561.5,147692.5,149834.5,151993.5,154148.0,156284.0,158438.5,160570.5,162725.5,164843.0,166963.0,169086.0,171209.5,173300.5,175375.5,177470.5,179517.0,181554.5,183579.0,185606.5,187618.0,189566.5,191533.5,193471.5,195385.0,197291.0,199170.5,201037.5,202868.0,204695.5,206483.5,208261.0,209992.5,211715.0,213379.0,215005.0,216614.0,218179.0,219717.5,221242.5,222688.5,224161.5,225592.5,226994.0,228398.5,229747.5,231069.0,232356.5,233617.5,234855.5,236050.0,237226.0,238382.0,239515.0,240627.5,241701.5,242736.0,243781.0,244772.5,245748.5,246691.0,247634.0,248551.5,249437.5,250272.5,251101.0,251908.5,252702.5,253463.0,254205.0,254925.0,255622.0,256306.0,256954.0,257594.5,258215.0,258825.0,259421.0,260002.5,260560.5,261096.0,261625.5,262146.0,262646.5,263137.0,263606.0,264060.0,264521.5,264968.0,265403.5,265835.0,266267.5,266684.0,267091.5,267481.5,267869.0,268263.0,268636.5,269008.0,269369.0,269735.5,270088.0,270435.5,270771.5,271089.5,271396.5,271708.0,272012.0,272314.5,272597.5,272886.0,273165.0,273437.0,273704.0,273970.5,274231.0,274476.0,274720.0,274950.0,275184.5,275414.0,275632.0,275853.5,276069.0,276278.5,276490.0,276693.0,276889.0,277084.5,277272.5,277459.0,277641.5,277819.0,277988.0,278160.0,278325.0,278491.5,278646.0,278799.5,278952.0,279099.5,279243.0,279385.0,279522.0,279662.0,279795.5,279925.5,280053.5,280175.0,280297.0,280416.0,280536.5,280647.0,280762.0,280873.5,280980.5,281084.5,281188.5,281286.0,281383.0,281478.0,281571.5,281662.5,281752.0,281840.5,281927.0,282009.0,282093.5,282175.0,282251.0,282327.0,282401.5,282476.0,282545.5,282614.0,282678.5,282747.5,282811.0,282875.0,282939.0,283000.0,283060.5,283116.5,283173.0,283228.0,283280.5,283333.5,283382.5,283428.5,283477.5,283523.0,283567.0,283609.0,283650.0,283692.0,283732.0,283772.0,283810.0,283846.5,283881.0,283915.0,283948.0,283981.5,284014.5,284045.5,284076.5,284105.5,284136.5,284165.5,284195.0,284222.0,284249.0,284275.0,284299.5,284326.5,284352.5,284376.0,284399.0,284422.0,284446.0,284467.0,284488.0,284509.0,284529.0,284549.0,284568.0,284586.5,284605.0,284624.0,284641.0,284658.0,284674.0,284690.0,284707.0,284722.5,284737.5,284752.5,284766.5,284781.5,284795.5,284809.5,284823.5,284837.0,284850.0,284862.5,284874.5,284885.5,284896.5,284908.5,284919.5,284930.5,284941.5,284952.5,284963.0,284973.0,284982.0,284991.0,285000.0,285009.0,285017.0,285025.5,285034.5,285042.5,285050.5,285058.5,285065.5,285072.5,285079.5,285086.5,285093.5,285099.5,285105.5,285111.5,285117.5,285123.5,285129.0,285134.0,285140.0,285145.0,285150.0,285154.5,285158.5,285162.5,285166.5,285170.5,285174.5,285178.0,285182.0,285186.0,285190.0,285193.0,285196.0,285199.0,285202.0,285205.0,285208.0,285211.0,285214.0,285216.5,285219.5,285221.5,285223.5,285226.5,285229.5,285231.5,285233.5,285235.5,285237.5,285239.5,285241.5,285243.5,285245.5,285247.5,285249.5,285251.5,285253.5,285255.5,285257.5,285259.0,285260.0,285261.0,285262.0,285263.0,285264.0,285265.0,285266.0,285267.0
